0	1E-8
1	1.002080591E-8
2	1.0041655107E-8
3	1.0062547683E-8
4	1.0083483727E-8
5	1.010446333E-8
6	1.0125486582E-8
7	1.0146553574E-8
8	1.0167664397E-8
9	1.0188819143E-8
10	1.0210017902E-8
11	1.0231260767E-8
12	1.0252547828E-8
13	1.0273879179E-8
14	1.0295254911E-8
15	1.0316675116E-8
16	1.0338139887E-8
17	1.0359649317E-8
18	1.0381203499E-8
19	1.0402802525E-8
20	1.042444649E-8
21	1.0446135485E-8
22	1.0467869607E-8
23	1.0489648947E-8
24	1.05114736E-8
25	1.0533343661E-8
26	1.0555259224E-8
27	1.0577220383E-8
28	1.0599227234E-8
29	1.0621279872E-8
30	1.0643378391E-8
31	1.0665522887E-8
32	1.0687713456E-8
33	1.0709950194E-8
34	1.0732233197E-8
35	1.0754562561E-8
36	1.0776938382E-8
37	1.0799360758E-8
38	1.0821829784E-8
39	1.0844345559E-8
40	1.0866908179E-8
41	1.0889517741E-8
42	1.0912174344E-8
43	1.0934878086E-8
44	1.0957629064E-8
45	1.0980427376E-8
46	1.1003273122E-8
47	1.1026166399E-8
48	1.1049107308E-8
49	1.1072095946E-8
50	1.1095132413E-8
51	1.1118216808E-8
52	1.1141349232E-8
53	1.1164529785E-8
54	1.1187758566E-8
55	1.1211035675E-8
56	1.1234361214E-8
57	1.1257735283E-8
58	1.1281157982E-8
59	1.1304629414E-8
60	1.132814968E-8
61	1.135171888E-8
62	1.1375337118E-8
63	1.1399004495E-8
64	1.1422721112E-8
65	1.1446487074E-8
66	1.1470302482E-8
67	1.1494167439E-8
68	1.1518082048E-8
69	1.1542046413E-8
70	1.1566060637E-8
71	1.1590124824E-8
72	1.1614239077E-8
73	1.1638403502E-8
74	1.1662618202E-8
75	1.1686883281E-8
76	1.1711198846E-8
77	1.1735565E-8
78	1.1759981849E-8
79	1.1784449499E-8
80	1.1808968055E-8
81	1.1833537623E-8
82	1.1858158309E-8
83	1.188283022E-8
84	1.1907553462E-8
85	1.1932328142E-8
86	1.1957154367E-8
87	1.1982032244E-8
88	1.200696188E-8
89	1.2031943384E-8
90	1.2056976863E-8
91	1.2082062426E-8
92	1.210720018E-8
93	1.2132390235E-8
94	1.2157632698E-8
95	1.218292768E-8
96	1.2208275289E-8
97	1.2233675636E-8
98	1.2259128828E-8
99	1.2284634978E-8
100	1.2310194194E-8
101	1.2335806587E-8
102	1.2361472268E-8
103	1.2387191348E-8
104	1.2412963937E-8
105	1.2438790148E-8
106	1.2464670091E-8
107	1.2490603879E-8
108	1.2516591623E-8
109	1.2542633435E-8
110	1.2568729429E-8
111	1.2594879717E-8
112	1.2621084412E-8
113	1.2647343626E-8
114	1.2673657475E-8
115	1.270002607E-8
116	1.2726449526E-8
117	1.2752927958E-8
118	1.2779461479E-8
119	1.2806050204E-8
120	1.2832694248E-8
121	1.2859393727E-8
122	1.2886148754E-8
123	1.2912959447E-8
124	1.2939825921E-8
125	1.2966748291E-8
126	1.2993726675E-8
127	1.3020761188E-8
128	1.3047851948E-8
129	1.3074999071E-8
130	1.3102202675E-8
131	1.3129462877E-8
132	1.3156779796E-8
133	1.3184153548E-8
134	1.3211584252E-8
135	1.3239072028E-8
136	1.3266616992E-8
137	1.3294219265E-8
138	1.3321878966E-8
139	1.3349596214E-8
140	1.3377371129E-8
141	1.340520383E-8
142	1.3433094439E-8
143	1.3461043075E-8
144	1.348904986E-8
145	1.3517114913E-8
146	1.3545238357E-8
147	1.3573420313E-8
148	1.3601660903E-8
149	1.3629960249E-8
150	1.3658318472E-8
151	1.3686735696E-8
152	1.3715212042E-8
153	1.3743747635E-8
154	1.3772342598E-8
155	1.3800997053E-8
156	1.3829711125E-8
157	1.3858484938E-8
158	1.3887318615E-8
159	1.3916212282E-8
160	1.3945166064E-8
161	1.3974180085E-8
162	1.4003254471E-8
163	1.4032389347E-8
164	1.4061584839E-8
165	1.4090841074E-8
166	1.4120158177E-8
167	1.4149536275E-8
168	1.4178975496E-8
169	1.4208475966E-8
170	1.4238037813E-8
171	1.4267661164E-8
172	1.4297346148E-8
173	1.4327092892E-8
174	1.4356901526E-8
175	1.4386772177E-8
176	1.4416704975E-8
177	1.444670005E-8
178	1.447675753E-8
179	1.4506877546E-8
180	1.4537060228E-8
181	1.4567305705E-8
182	1.459761411E-8
183	1.4627985572E-8
184	1.4658420223E-8
185	1.4688918194E-8
186	1.4719479617E-8
187	1.4750104625E-8
188	1.4780793348E-8
189	1.4811545921E-8
190	1.4842362475E-8
191	1.4873243144E-8
192	1.4904188061E-8
193	1.493519736E-8
194	1.4966271175E-8
195	1.499740964E-8
196	1.5028612889E-8
197	1.5059881058E-8
198	1.5091214281E-8
199	1.5122612694E-8
200	1.5154076432E-8
201	1.5185605632E-8
202	1.5217200429E-8
203	1.524886096E-8
204	1.5280587361E-8
205	1.531237977E-8
206	1.5344238325E-8
207	1.5376163162E-8
208	1.5408154419E-8
209	1.5440212235E-8
210	1.5472336748E-8
211	1.5504528098E-8
212	1.5536786422E-8
213	1.5569111861E-8
214	1.5601504553E-8
215	1.563396464E-8
216	1.566649226E-8
217	1.5699087555E-8
218	1.5731750666E-8
219	1.5764481733E-8
220	1.5797280897E-8
221	1.5830148302E-8
222	1.5863084088E-8
223	1.5896088397E-8
224	1.5929161373E-8
225	1.5962303158E-8
226	1.5995513895E-8
227	1.6028793728E-8
228	1.6062142801E-8
229	1.6095561257E-8
230	1.6129049241E-8
231	1.6162606898E-8
232	1.6196234372E-8
233	1.6229931809E-8
234	1.6263699354E-8
235	1.6297537154E-8
236	1.6331445353E-8
237	1.63654241E-8
238	1.639947354E-8
239	1.6433593821E-8
240	1.6467785089E-8
241	1.6502047494E-8
242	1.6536381182E-8
243	1.6570786302E-8
244	1.6605263002E-8
245	1.6639811432E-8
246	1.6674431741E-8
247	1.6709124078E-8
248	1.6743888594E-8
249	1.6778725437E-8
250	1.6813634759E-8
251	1.6848616711E-8
252	1.6883671444E-8
253	1.6918799108E-8
254	1.6953999856E-8
255	1.6989273841E-8
256	1.7024621213E-8
257	1.7060042126E-8
258	1.7095536733E-8
259	1.7131105187E-8
260	1.7166747642E-8
261	1.7202464252E-8
262	1.7238255171E-8
263	1.7274120553E-8
264	1.7310060554E-8
265	1.7346075329E-8
266	1.7382165033E-8
267	1.7418329823E-8
268	1.7454569854E-8
269	1.7490885282E-8
270	1.7527276266E-8
271	1.7563742962E-8
272	1.7600285527E-8
273	1.7636904119E-8
274	1.7673598897E-8
275	1.7710370019E-8
276	1.7747217644E-8
277	1.7784141931E-8
278	1.7821143039E-8
279	1.7858221129E-8
280	1.789537636E-8
281	1.7932608894E-8
282	1.796991889E-8
283	1.8007306509E-8
284	1.8044771915E-8
285	1.8082315267E-8
286	1.8119936729E-8
287	1.8157636463E-8
288	1.8195414632E-8
289	1.8233271398E-8
290	1.8271206926E-8
291	1.8309221379E-8
292	1.8347314922E-8
293	1.8385487719E-8
294	1.8423739935E-8
295	1.8462071734E-8
296	1.8500483284E-8
297	1.8538974749E-8
298	1.8577546296E-8
299	1.8616198091E-8
300	1.8654930302E-8
301	1.8693743096E-8
302	1.873263664E-8
303	1.8771611102E-8
304	1.8810666651E-8
305	1.8849803455E-8
306	1.8889021684E-8
307	1.8928321506E-8
308	1.8967703092E-8
309	1.9007166612E-8
310	1.9046712236E-8
311	1.9086340135E-8
312	1.912605048E-8
313	1.9165843442E-8
314	1.9205719194E-8
315	1.9245677908E-8
316	1.9285719756E-8
317	1.9325844911E-8
318	1.9366053547E-8
319	1.9406345838E-8
320	1.9446721956E-8
321	1.9487182077E-8
322	1.9527726376E-8
323	1.9568355027E-8
324	1.9609068206E-8
325	1.9649866089E-8
326	1.9690748852E-8
327	1.9731716672E-8
328	1.9772769726E-8
329	1.981390819E-8
330	1.9855132243E-8
331	1.9896442063E-8
332	1.9937837828E-8
333	1.9979319717E-8
334	2.0020887909E-8
335	2.0062542584E-8
336	2.0104283921E-8
337	2.0146112101E-8
338	2.0188027305E-8
339	2.0230029713E-8
340	2.0272119507E-8
341	2.0314296869E-8
342	2.0356561981E-8
343	2.0398915026E-8
344	2.0441356185E-8
345	2.0483885644E-8
346	2.0526503585E-8
347	2.0569210193E-8
348	2.0612005651E-8
349	2.0654890146E-8
350	2.0697863861E-8
351	2.0740926983E-8
352	2.0784079698E-8
353	2.0827322192E-8
354	2.0870654652E-8
355	2.0914077265E-8
356	2.0957590218E-8
357	2.1001193699E-8
358	2.1044887898E-8
359	2.1088673002E-8
360	2.1132549201E-8
361	2.1176516684E-8
362	2.1220575641E-8
363	2.1264726262E-8
364	2.1308968738E-8
365	2.1353303261E-8
366	2.1397730021E-8
367	2.1442249211E-8
368	2.1486861022E-8
369	2.1531565649E-8
370	2.1576363282E-8
371	2.1621254117E-8
372	2.1666238347E-8
373	2.1711316166E-8
374	2.1756487769E-8
375	2.1801753351E-8
376	2.1847113107E-8
377	2.1892567235E-8
378	2.1938115929E-8
379	2.1983759386E-8
380	2.2029497804E-8
381	2.2075331381E-8
382	2.2121260314E-8
383	2.2167284801E-8
384	2.2213405042E-8
385	2.2259621235E-8
386	2.2305933581E-8
387	2.2352342278E-8
388	2.2398847529E-8
389	2.2445449533E-8
390	2.2492148491E-8
391	2.2538944607E-8
392	2.2585838081E-8
393	2.2632829116E-8
394	2.2679917915E-8
395	2.2727104682E-8
396	2.277438962E-8
397	2.2821772934E-8
398	2.2869254827E-8
399	2.2916835507E-8
400	2.2964515177E-8
401	2.3012294043E-8
402	2.3060172313E-8
403	2.3108150193E-8
404	2.315622789E-8
405	2.3204405611E-8
406	2.3252683566E-8
407	2.3301061962E-8
408	2.3349541008E-8
409	2.3398120914E-8
410	2.3446801889E-8
411	2.3495584145E-8
412	2.354446789E-8
413	2.3593453338E-8
414	2.3642540698E-8
415	2.3691730184E-8
416	2.3741022008E-8
417	2.3790416382E-8
418	2.383991352E-8
419	2.3889513635E-8
420	2.3939216943E-8
421	2.3989023657E-8
422	2.4038933993E-8
423	2.4088948166E-8
424	2.4139066392E-8
425	2.4189288889E-8
426	2.4239615871E-8
427	2.4290047558E-8
428	2.4340584167E-8
429	2.4391225916E-8
430	2.4441973024E-8
431	2.449282571E-8
432	2.4543784193E-8
433	2.4594848695E-8
434	2.4646019434E-8
435	2.4697296633E-8
436	2.4748680513E-8
437	2.4800171295E-8
438	2.4851769203E-8
439	2.4903474459E-8
440	2.4955287285E-8
441	2.5007207907E-8
442	2.5059236549E-8
443	2.5111373434E-8
444	2.5163618789E-8
445	2.5215972838E-8
446	2.5268435809E-8
447	2.5321007927E-8
448	2.5373689419E-8
449	2.5426480514E-8
450	2.5479381439E-8
451	2.5532392423E-8
452	2.5585513694E-8
453	2.5638745483E-8
454	2.5692088018E-8
455	2.5745541531E-8
456	2.5799106252E-8
457	2.5852782413E-8
458	2.5906570245E-8
459	2.596046998E-8
460	2.6014481852E-8
461	2.6068606094E-8
462	2.612284294E-8
463	2.6177192623E-8
464	2.6231655379E-8
465	2.6286231443E-8
466	2.634092105E-8
467	2.6395724437E-8
468	2.645064184E-8
469	2.6505673497E-8
470	2.6560819645E-8
471	2.6616080522E-8
472	2.6671456368E-8
473	2.6726947421E-8
474	2.6782553921E-8
475	2.6838276107E-8
476	2.6894114222E-8
477	2.6950068506E-8
478	2.70061392E-8
479	2.7062326547E-8
480	2.7118630789E-8
481	2.717505217E-8
482	2.7231590933E-8
483	2.7288247323E-8
484	2.7345021584E-8
485	2.7401913961E-8
486	2.74589247E-8
487	2.7516054048E-8
488	2.7573302251E-8
489	2.7630669556E-8
490	2.7688156211E-8
491	2.7745762465E-8
492	2.7803488566E-8
493	2.7861334763E-8
494	2.7919301307E-8
495	2.7977388447E-8
496	2.8035596435E-8
497	2.8093925521E-8
498	2.8152375959E-8
499	2.8210948E-8
500	2.8269641897E-8
501	2.8328457904E-8
502	2.8387396275E-8
503	2.8446457264E-8
504	2.8505641127E-8
505	2.8564948118E-8
506	2.8624378495E-8
507	2.8683932514E-8
508	2.8743610432E-8
509	2.8803412506E-8
510	2.8863338996E-8
511	2.892339016E-8
512	2.8983566256E-8
513	2.9043867546E-8
514	2.910429429E-8
515	2.9164846748E-8
516	2.9225525183E-8
517	2.9286329855E-8
518	2.9347261028E-8
519	2.9408318966E-8
520	2.946950393E-8
521	2.9530816187E-8
522	2.9592256001E-8
523	2.9653823636E-8
524	2.9715519359E-8
525	2.9777343437E-8
526	2.9839296136E-8
527	2.9901377724E-8
528	2.996358847E-8
529	3.0025928641E-8
530	3.0088398507E-8
531	3.0150998337E-8
532	3.0213728403E-8
533	3.0276588976E-8
534	3.0339580325E-8
535	3.0402702725E-8
536	3.0465956446E-8
537	3.0529341763E-8
538	3.0592858949E-8
539	3.0656508279E-8
540	3.0720290027E-8
541	3.0784204469E-8
542	3.0848251881E-8
543	3.091243254E-8
544	3.0976746722E-8
545	3.1041194705E-8
546	3.1105776769E-8
547	3.1170493191E-8
548	3.1235344251E-8
549	3.130033023E-8
550	3.1365451407E-8
551	3.1430708065E-8
552	3.1496100485E-8
553	3.1561628949E-8
554	3.1627293741E-8
555	3.1693095144E-8
556	3.1759033442E-8
557	3.182510892E-8
558	3.1891321863E-8
559	3.1957672558E-8
560	3.2024161291E-8
561	3.2090788349E-8
562	3.2157554019E-8
563	3.2224458591E-8
564	3.2291502353E-8
565	3.2358685594E-8
566	3.2426008605E-8
567	3.2493471677E-8
568	3.2561075101E-8
569	3.2628819168E-8
570	3.2696704172E-8
571	3.2764730406E-8
572	3.2832898163E-8
573	3.2901207738E-8
574	3.2969659426E-8
575	3.3038253522E-8
576	3.3106990323E-8
577	3.3175870125E-8
578	3.3244893226E-8
579	3.3314059925E-8
580	3.3383370519E-8
581	3.3452825309E-8
582	3.3522424593E-8
583	3.3592168674E-8
584	3.3662057851E-8
585	3.3732092427E-8
586	3.3802272704E-8
587	3.3872598986E-8
588	3.3943071575E-8
589	3.4013690777E-8
590	3.4084456896E-8
591	3.4155370239E-8
592	3.422643111E-8
593	3.4297639818E-8
594	3.4368996669E-8
595	3.4440501972E-8
596	3.4512156035E-8
597	3.4583959169E-8
598	3.4655911683E-8
599	3.4728013888E-8
600	3.4800266095E-8
601	3.4872668617E-8
602	3.4945221765E-8
603	3.5017925854E-8
604	3.5090781197E-8
605	3.516378811E-8
606	3.5236946906E-8
607	3.5310257903E-8
608	3.5383721416E-8
609	3.5457337764E-8
610	3.5531107264E-8
611	3.5605030234E-8
612	3.5679106994E-8
613	3.5753337864E-8
614	3.5827723164E-8
615	3.5902263216E-8
616	3.5976958342E-8
617	3.6051808863E-8
618	3.6126815104E-8
619	3.6201977388E-8
620	3.627729604E-8
621	3.6352771385E-8
622	3.6428403749E-8
623	3.6504193459E-8
624	3.6580140842E-8
625	3.6656246226E-8
626	3.673250994E-8
627	3.6808932313E-8
628	3.6885513674E-8
629	3.6962254356E-8
630	3.7039154689E-8
631	3.7116215005E-8
632	3.7193435637E-8
633	3.7270816919E-8
634	3.7348359185E-8
635	3.7426062769E-8
636	3.7503928007E-8
637	3.7581955236E-8
638	3.7660144793E-8
639	3.7738497015E-8
640	3.781701224E-8
641	3.7895690807E-8
642	3.7974533057E-8
643	3.805353933E-8
644	3.8132709967E-8
645	3.821204531E-8
646	3.8291545701E-8
647	3.8371211485E-8
648	3.8451043004E-8
649	3.8531040604E-8
650	3.861120463E-8
651	3.8691535428E-8
652	3.8772033346E-8
653	3.885269873E-8
654	3.893353193E-8
655	3.9014533294E-8
656	3.9095703172E-8
657	3.9177041915E-8
658	3.9258549874E-8
659	3.9340227401E-8
660	3.9422074848E-8
661	3.950409257E-8
662	3.958628092E-8
663	3.9668640253E-8
664	3.9751170925E-8
665	3.9833873292E-8
666	3.9916747712E-8
667	3.9999794543E-8
668	4.0083014142E-8
669	4.0166406869E-8
670	4.0249973086E-8
671	4.0333713151E-8
672	4.0417627428E-8
673	4.0501716278E-8
674	4.0585980064E-8
675	4.0670419151E-8
676	4.0755033903E-8
677	4.0839824686E-8
678	4.0924791865E-8
679	4.1009935808E-8
680	4.1095256882E-8
681	4.1180755456E-8
682	4.1266431899E-8
683	4.135228658E-8
684	4.1438319872E-8
685	4.1524532145E-8
686	4.1610923771E-8
687	4.1697495124E-8
688	4.1784246577E-8
689	4.1871178505E-8
690	4.1958291284E-8
691	4.204558529E-8
692	4.2133060899E-8
693	4.222071849E-8
694	4.2308558441E-8
695	4.2396581131E-8
696	4.248478694E-8
697	4.257317625E-8
698	4.2661749442E-8
699	4.2750506898E-8
700	4.2839449002E-8
701	4.2928576138E-8
702	4.3017888691E-8
703	4.3107387047E-8
704	4.3197071591E-8
705	4.3286942711E-8
706	4.3377000796E-8
707	4.3467246234E-8
708	4.3557679416E-8
709	4.364830073E-8
710	4.373911057E-8
711	4.3830109326E-8
712	4.3921297392E-8
713	4.4012675162E-8
714	4.4104243031E-8
715	4.4196001393E-8
716	4.4287950645E-8
717	4.4380091184E-8
718	4.4472423408E-8
719	4.4564947716E-8
720	4.4657664507E-8
721	4.4750574182E-8
722	4.4843677141E-8
723	4.4936973788E-8
724	4.5030464524E-8
725	4.5124149753E-8
726	4.5218029881E-8
727	4.5312105312E-8
728	4.5406376453E-8
729	4.550084371E-8
730	4.5595507493E-8
731	4.5690368208E-8
732	4.5785426267E-8
733	4.588068208E-8
734	4.5976136057E-8
735	4.6071788612E-8
736	4.6167640157E-8
737	4.6263691106E-8
738	4.6359941874E-8
739	4.6456392876E-8
740	4.655304453E-8
741	4.6649897251E-8
742	4.674695146E-8
743	4.6844207574E-8
744	4.6941666014E-8
745	4.7039327201E-8
746	4.7137191556E-8
747	4.7235259501E-8
748	4.7333531462E-8
749	4.743200786E-8
750	4.7530689123E-8
751	4.7629575676E-8
752	4.7728667946E-8
753	4.7827966361E-8
754	4.792747135E-8
755	4.8027183343E-8
756	4.8127102769E-8
757	4.8227230061E-8
758	4.8327565651E-8
759	4.8428109972E-8
760	4.8528863459E-8
761	4.8629826546E-8
762	4.8730999669E-8
763	4.8832383265E-8
764	4.8933977773E-8
765	4.9035783631E-8
766	4.9137801277E-8
767	4.9240031154E-8
768	4.9342473702E-8
769	4.9445129364E-8
770	4.9547998583E-8
771	4.9651081803E-8
772	4.9754379469E-8
773	4.9857892028E-8
774	4.9961619926E-8
775	5.0065563611E-8
776	5.0169723533E-8
777	5.027410014E-8
778	5.0378693884E-8
779	5.0483505217E-8
780	5.058853459E-8
781	5.0693782457E-8
782	5.0799249274E-8
783	5.0904935494E-8
784	5.1010841576E-8
785	5.1116967975E-8
786	5.122331515E-8
787	5.1329883561E-8
788	5.1436673667E-8
789	5.154368593E-8
790	5.1650920812E-8
791	5.1758378776E-8
792	5.1866060286E-8
793	5.1973965806E-8
794	5.2082095803E-8
795	5.2190450744E-8
796	5.2299031097E-8
797	5.2407837329E-8
798	5.2516869913E-8
799	5.2626129317E-8
800	5.2735616014E-8
801	5.2845330476E-8
802	5.2955273178E-8
803	5.3065444594E-8
804	5.31758452E-8
805	5.3286475472E-8
806	5.3397335889E-8
807	5.3508426929E-8
808	5.3619749071E-8
809	5.3731302796E-8
810	5.3843088586E-8
811	5.3955106924E-8
812	5.4067358294E-8
813	5.4179843179E-8
814	5.4292562067E-8
815	5.4405515442E-8
816	5.4518703794E-8
817	5.4632127611E-8
818	5.4745787383E-8
819	5.48596836E-8
820	5.4973816755E-8
821	5.5088187339E-8
822	5.5202795848E-8
823	5.5317642775E-8
824	5.5432728617E-8
825	5.5548053871E-8
826	5.5663619034E-8
827	5.5779424606E-8
828	5.5895471087E-8
829	5.6011758977E-8
830	5.6128288779E-8
831	5.6245060997E-8
832	5.6362076133E-8
833	5.6479334694E-8
834	5.6596837186E-8
835	5.6714584116E-8
836	5.6832575992E-8
837	5.6950813325E-8
838	5.7069296624E-8
839	5.7188026402E-8
840	5.730700317E-8
841	5.7426227443E-8
842	5.7545699735E-8
843	5.7665420562E-8
844	5.7785390442E-8
845	5.7905609891E-8
846	5.802607943E-8
847	5.8146799579E-8
848	5.8267770858E-8
849	5.838899379E-8
850	5.8510468898E-8
851	5.8632196708E-8
852	5.8754177743E-8
853	5.8876412533E-8
854	5.8998901603E-8
855	5.9121645483E-8
856	5.9244644703E-8
857	5.9367899793E-8
858	5.9491411287E-8
859	5.9615179718E-8
860	5.9739205619E-8
861	5.9863489526E-8
862	5.9988031977E-8
863	6.0112833508E-8
864	6.0237894659E-8
865	6.0363215969E-8
866	6.048879798E-8
867	6.0614641234E-8
868	6.0740746274E-8
869	6.0867113645E-8
870	6.0993743892E-8
871	6.1120637563E-8
872	6.1247795204E-8
873	6.1375217366E-8
874	6.1502904597E-8
875	6.163085745E-8
876	6.1759076477E-8
877	6.1887562232E-8
878	6.2016315269E-8
879	6.2145336144E-8
880	6.2274625415E-8
881	6.2404183639E-8
882	6.2534011376E-8
883	6.2664109187E-8
884	6.2794477633E-8
885	6.2925117277E-8
886	6.3056028683E-8
887	6.3187212416E-8
888	6.3318669043E-8
889	6.3450399132E-8
890	6.3582403251E-8
891	6.371468197E-8
892	6.384723586E-8
893	6.3980065493E-8
894	6.4113171444E-8
895	6.4246554286E-8
896	6.4380214596E-8
897	6.4514152951E-8
898	6.4648369928E-8
899	6.4782866109E-8
900	6.4917642072E-8
901	6.50526984E-8
902	6.5188035677E-8
903	6.5323654486E-8
904	6.5459555413E-8
905	6.5595739045E-8
906	6.573220597E-8
907	6.5868956777E-8
908	6.6005992056E-8
909	6.61433124E-8
910	6.62809184E-8
911	6.6418810652E-8
912	6.6556989749E-8
913	6.669545629E-8
914	6.6834210872E-8
915	6.6973254094E-8
916	6.7112586556E-8
917	6.725220886E-8
918	6.7392121608E-8
919	6.7532325405E-8
920	6.7672820856E-8
921	6.7813608568E-8
922	6.7954689149E-8
923	6.8096063206E-8
924	6.8237731352E-8
925	6.8379694197E-8
926	6.8521952355E-8
927	6.866450644E-8
928	6.8807357067E-8
929	6.8950504852E-8
930	6.9093950415E-8
931	6.9237694374E-8
932	6.9381737349E-8
933	6.9526079964E-8
934	6.967072284E-8
935	6.9815666603E-8
936	6.9960911878E-8
937	7.0106459292E-8
938	7.0252309474E-8
939	7.0398463053E-8
940	7.0544920661E-8
941	7.0691682929E-8
942	7.0838750492E-8
943	7.0986123983E-8
944	7.1133804041E-8
945	7.1281791301E-8
946	7.1430086403E-8
947	7.1578689987E-8
948	7.1727602696E-8
949	7.187682517E-8
950	7.2026358056E-8
951	7.2176201999E-8
952	7.2326357644E-8
953	7.2476825642E-8
954	7.262760664E-8
955	7.2778701291E-8
956	7.2930110247E-8
957	7.3081834161E-8
958	7.3233873688E-8
959	7.3386229485E-8
960	7.3538902209E-8
961	7.369189252E-8
962	7.3845201077E-8
963	7.3998828544E-8
964	7.4152775583E-8
965	7.4307042859E-8
966	7.4461631037E-8
967	7.4616540786E-8
968	7.4771772774E-8
969	7.4927327671E-8
970	7.5083206148E-8
971	7.523940888E-8
972	7.5395936539E-8
973	7.5552789802E-8
974	7.5709969346E-8
975	7.5867475849E-8
976	7.6025309992E-8
977	7.6183472456E-8
978	7.6341963923E-8
979	7.6500785079E-8
980	7.6659936608E-8
981	7.6819419197E-8
982	7.6979233536E-8
983	7.7139380314E-8
984	7.7299860222E-8
985	7.7460673954E-8
986	7.7621822203E-8
987	7.7783305666E-8
988	7.7945125038E-8
989	7.810728102E-8
990	7.8269774311E-8
991	7.8432605612E-8
992	7.8595775626E-8
993	7.8759285059E-8
994	7.8923134615E-8
995	7.9087325002E-8
996	7.9251856929E-8
997	7.9416731106E-8
998	7.9581948245E-8
999	7.974750906E-8
1000	7.9913414264E-8
