0	1E-5
1	1.0041771043E-5
2	1.0083715302E-5
3	1.0125833485E-5
4	1.0168126302E-5
5	1.0210594467E-5
6	1.0253238695E-5
7	1.0296059705E-5
8	1.033905822E-5
9	1.0382234964E-5
10	1.0425590664E-5
11	1.0469126051E-5
12	1.0512841859E-5
13	1.0556738823E-5
14	1.0600817682E-5
15	1.0645079179E-5
16	1.0689524058E-5
17	1.0734153068E-5
18	1.0778966958E-5
19	1.0823966484E-5
20	1.0869152401E-5
21	1.091452547E-5
22	1.0960086453E-5
23	1.1005836116E-5
24	1.1051775228E-5
25	1.109790456E-5
26	1.1144224887E-5
27	1.1190736987E-5
28	1.1237441642E-5
29	1.1284339634E-5
30	1.1331431752E-5
31	1.1378718785E-5
32	1.1426201527E-5
33	1.1473880773E-5
34	1.1521757325E-5
35	1.1569831983E-5
36	1.1618105555E-5
37	1.1666578848E-5
38	1.1715252676E-5
39	1.1764127853E-5
40	1.1813205198E-5
41	1.1862485533E-5
42	1.1911969682E-5
43	1.1961658474E-5
44	1.2011552741E-5
45	1.2061653317E-5
46	1.2111961039E-5
47	1.216247675E-5
48	1.2213201293E-5
49	1.2264135517E-5
50	1.2315280272E-5
51	1.2366636413E-5
52	1.2418204798E-5
53	1.2469986288E-5
54	1.2521981748E-5
55	1.2574192044E-5
56	1.262661805E-5
57	1.2679260638E-5
58	1.2732120687E-5
59	1.2785199079E-5
60	1.2838496699E-5
61	1.2892014435E-5
62	1.2945753178E-5
63	1.2999713824E-5
64	1.3053897272E-5
65	1.3108304424E-5
66	1.3162936185E-5
67	1.3217793466E-5
68	1.3272877178E-5
69	1.3328188238E-5
70	1.3383727567E-5
71	1.3439496087E-5
72	1.3495494725E-5
73	1.3551724413E-5
74	1.3608186083E-5
75	1.3664880676E-5
76	1.372180913E-5
77	1.3778972393E-5
78	1.3836371413E-5
79	1.3894007141E-5
80	1.3951880535E-5
81	1.4009992554E-5
82	1.4068344161E-5
83	1.4126936325E-5
84	1.4185770015E-5
85	1.4244846207E-5
86	1.430416588E-5
87	1.4363730014E-5
88	1.4423539597E-5
89	1.4483595619E-5
90	1.4543899073E-5
91	1.4604450956E-5
92	1.466525227E-5
93	1.472630402E-5
94	1.4787607215E-5
95	1.4849162869E-5
96	1.4910971997E-5
97	1.4973035621E-5
98	1.5035354765E-5
99	1.5097930458E-5
100	1.5160763732E-5
101	1.5223855624E-5
102	1.5287207174E-5
103	1.5350819428E-5
104	1.5414693432E-5
105	1.547883024E-5
106	1.5543230908E-5
107	1.5607896496E-5
108	1.567282807E-5
109	1.5738026698E-5
110	1.5803493452E-5
111	1.586922941E-5
112	1.5935235652E-5
113	1.6001513263E-5
114	1.6068063332E-5
115	1.6134886954E-5
116	1.6201985225E-5
117	1.6269359246E-5
118	1.6337010125E-5
119	1.6404938971E-5
120	1.6473146898E-5
121	1.6541635025E-5
122	1.6610404474E-5
123	1.6679456373E-5
124	1.6748791853E-5
125	1.6818412049E-5
126	1.6888318102E-5
127	1.6958511155E-5
128	1.7028992358E-5
129	1.7099762863E-5
130	1.7170823827E-5
131	1.7242176413E-5
132	1.7313821786E-5
133	1.7385761116E-5
134	1.7457995579E-5
135	1.7530526354E-5
136	1.7603354624E-5
137	1.7676481579E-5
138	1.774990841E-5
139	1.7823636314E-5
140	1.7897666494E-5
141	1.7972000156E-5
142	1.804663851E-5
143	1.8121582772E-5
144	1.8196834162E-5
145	1.8272393904E-5
146	1.8348263228E-5
147	1.8424443366E-5
148	1.8500935557E-5
149	1.8577741045E-5
150	1.8654861077E-5
151	1.8732296904E-5
152	1.8810049785E-5
153	1.8888120981E-5
154	1.8966511758E-5
155	1.9045223387E-5
156	1.9124257144E-5
157	1.920361431E-5
158	1.928329617E-5
159	1.9363304015E-5
160	1.9443639139E-5
161	1.9524302842E-5
162	1.9605296429E-5
163	1.968662121E-5
164	1.9768278498E-5
165	1.9850269614E-5
166	1.9932595881E-5
167	2.0015258628E-5
168	2.009825919E-5
169	2.0181598905E-5
170	2.0265279118E-5
171	2.0349301176E-5
172	2.0433666435E-5
173	2.0518376253E-5
174	2.0603431994E-5
175	2.0688835026E-5
176	2.0774586725E-5
177	2.0860688469E-5
178	2.0947141642E-5
179	2.1033947633E-5
180	2.1121107838E-5
181	2.1208623655E-5
182	2.1296496489E-5
183	2.138472775E-5
184	2.1473318853E-5
185	2.1562271219E-5
186	2.1651586272E-5
187	2.1741265443E-5
188	2.1831310168E-5
189	2.1921721889E-5
190	2.2012502052E-5
191	2.2103652109E-5
192	2.2195173515E-5
193	2.2287067735E-5
194	2.2379336236E-5
195	2.247198049E-5
196	2.2565001977E-5
197	2.2658402179E-5
198	2.2752182587E-5
199	2.2846344694E-5
200	2.2940890001E-5
201	2.3035820014E-5
202	2.3131136242E-5
203	2.3226840204E-5
204	2.3322933421E-5
205	2.3419417419E-5
206	2.3516293733E-5
207	2.3613563901E-5
208	2.3711229467E-5
209	2.380929198E-5
210	2.3907752997E-5
211	2.4006614077E-5
212	2.4105876788E-5
213	2.4205542701E-5
214	2.4305613395E-5
215	2.4406090452E-5
216	2.4506975463E-5
217	2.4608270022E-5
218	2.4709975729E-5
219	2.4812094192E-5
220	2.4914627022E-5
221	2.5017575837E-5
222	2.5120942262E-5
223	2.5224727924E-5
224	2.5328934461E-5
225	2.5433563512E-5
226	2.5538616725E-5
227	2.5644095754E-5
228	2.5750002256E-5
229	2.5856337896E-5
230	2.5963104346E-5
231	2.6070303281E-5
232	2.6177936384E-5
233	2.6286005344E-5
234	2.6394511855E-5
235	2.6503457618E-5
236	2.6612844339E-5
237	2.672267373E-5
238	2.6832947511E-5
239	2.6943667406E-5
240	2.7054835145E-5
241	2.7166452466E-5
242	2.7278521111E-5
243	2.739104283E-5
244	2.7504019378E-5
245	2.7617452516E-5
246	2.7731344012E-5
247	2.7845695639E-5
248	2.7960509178E-5
249	2.8075786415E-5
250	2.8191529143E-5
251	2.8307739159E-5
252	2.842441827E-5
253	2.8541568286E-5
254	2.8659191026E-5
255	2.8777288313E-5
256	2.8895861977E-5
257	2.9014913855E-5
258	2.9134445791E-5
259	2.9254459633E-5
260	2.9374957238E-5
261	2.9495940468E-5
262	2.9617411192E-5
263	2.9739371285E-5
264	2.9861822628E-5
265	2.998476711E-5
266	3.0108206625E-5
267	3.0232143075E-5
268	3.0356578367E-5
269	3.0481514416E-5
270	3.0606953143E-5
271	3.0732896475E-5
272	3.0859346346E-5
273	3.0986304697E-5
274	3.1113773475E-5
275	3.1241754635E-5
276	3.1370250136E-5
277	3.1499261946E-5
278	3.162879204E-5
279	3.1758842398E-5
280	3.1889415007E-5
281	3.2020511862E-5
282	3.2152134963E-5
283	3.228428632E-5
284	3.2416967945E-5
285	3.2550181861E-5
286	3.2683930096E-5
287	3.2818214685E-5
288	3.2953037669E-5
289	3.3088401099E-5
290	3.3224307028E-5
291	3.336075752E-5
292	3.3497754645E-5
293	3.3635300479E-5
294	3.3773397105E-5
295	3.3912046613E-5
296	3.4051251102E-5
297	3.4191012675E-5
298	3.4331333444E-5
299	3.4472215527E-5
300	3.4613661049E-5
301	3.4755672144E-5
302	3.4898250951E-5
303	3.5041399615E-5
304	3.5185120293E-5
305	3.5329415143E-5
306	3.5474286334E-5
307	3.5619736042E-5
308	3.5765766448E-5
309	3.5912379742E-5
310	3.6059578121E-5
311	3.6207363789E-5
312	3.6355738958E-5
313	3.6504705844E-5
314	3.6654266674E-5
315	3.6804423682E-5
316	3.6955179106E-5
317	3.7106535195E-5
318	3.7258494204E-5
319	3.7411058394E-5
320	3.7564230035E-5
321	3.7718011403E-5
322	3.7872404784E-5
323	3.8027412468E-5
324	3.8183036755E-5
325	3.8339279951E-5
326	3.8496144369E-5
327	3.8653632331E-5
328	3.8811746166E-5
329	3.897048821E-5
330	3.9129860805E-5
331	3.9289866305E-5
332	3.9450507066E-5
333	3.9611785456E-5
334	3.9773703847E-5
335	3.9936264621E-5
336	4.0099470168E-5
337	4.0263322882E-5
338	4.0427825169E-5
339	4.0592979439E-5
340	4.0758788112E-5
341	4.0925253614E-5
342	4.109237838E-5
343	4.1260164853E-5
344	4.142861548E-5
345	4.1597732721E-5
346	4.1767519039E-5
347	4.1937976909E-5
348	4.2109108809E-5
349	4.2280917229E-5
350	4.2453404664E-5
351	4.2626573618E-5
352	4.2800426602E-5
353	4.2974966135E-5
354	4.3150194745E-5
355	4.3326114966E-5
356	4.3502729341E-5
357	4.368004042E-5
358	4.3858050761E-5
359	4.403676293E-5
360	4.4216179501E-5
361	4.4396303056E-5
362	4.4577136184E-5
363	4.4758681483E-5
364	4.4940941558E-5
365	4.5123919022E-5
366	4.5307616497E-5
367	4.5492036612E-5
368	4.5677182003E-5
369	4.5863055316E-5
370	4.6049659203E-5
371	4.6236996325E-5
372	4.6425069352E-5
373	4.6613880959E-5
374	4.6803433832E-5
375	4.6993730663E-5
376	4.7184774153E-5
377	4.7376567012E-5
378	4.7569111955E-5
379	4.7762411707E-5
380	4.7956469002E-5
381	4.8151286581E-5
382	4.8346867192E-5
383	4.8543213592E-5
384	4.8740328546E-5
385	4.8938214829E-5
386	4.913687522E-5
387	4.933631251E-5
388	4.9536529495E-5
389	4.9737528982E-5
390	4.9939313784E-5
391	5.0141886722E-5
392	5.0345250628E-5
393	5.0549408338E-5
394	5.0754362699E-5
395	5.0960116566E-5
396	5.1166672801E-5
397	5.1374034274E-5
398	5.1582203865E-5
399	5.1791184459E-5
400	5.2000978926E-5
401	5.2211590169E-5
402	5.2423021102E-5
403	5.2635274641E-5
404	5.2848353716E-5
405	5.3062261262E-5
406	5.3277000222E-5
407	5.349257355E-5
408	5.3708984204E-5
409	5.3926235154E-5
410	5.4144329377E-5
411	5.4363269857E-5
412	5.4583059588E-5
413	5.4803701571E-5
414	5.5025198815E-5
415	5.5247554339E-5
416	5.5470771168E-5
417	5.5694852337E-5
418	5.5919800889E-5
419	5.6145619873E-5
420	5.637231235E-5
421	5.6599881386E-5
422	5.6828330058E-5
423	5.7057661447E-5
424	5.7287878648E-5
425	5.7518984759E-5
426	5.7750982889E-5
427	5.7983876156E-5
428	5.8217667683E-5
429	5.8452360604E-5
430	5.8687958061E-5
431	5.8924463203E-5
432	5.9161879188E-5
433	5.9400209181E-5
434	5.9639456359E-5
435	5.9879623902E-5
436	6.0120715002E-5
437	6.0362732857E-5
438	6.0605680676E-5
439	6.0849561674E-5
440	6.1094379073E-5
441	6.1340136107E-5
442	6.1586836014E-5
443	6.1834482045E-5
444	6.2083077454E-5
445	6.2332625507E-5
446	6.2583129476E-5
447	6.2834592644E-5
448	6.3087018298E-5
449	6.3340409736E-5
450	6.3594770264E-5
451	6.3850103197E-5
452	6.4106411854E-5
453	6.4363699568E-5
454	6.4621969675E-5
455	6.4881225523E-5
456	6.5141470465E-5
457	6.5402707864E-5
458	6.5664941092E-5
459	6.5928173526E-5
460	6.6192408554E-5
461	6.645764957E-5
462	6.6723899978E-5
463	6.6991163189E-5
464	6.7259442622E-5
465	6.7528741704E-5
466	6.779906387E-5
467	6.8070412564E-5
468	6.8342791236E-5
469	6.8616203347E-5
470	6.8890652363E-5
471	6.9166141759E-5
472	6.9442675019E-5
473	6.9720255634E-5
474	6.9998887103E-5
475	7.0278572933E-5
476	7.0559316638E-5
477	7.0841121742E-5
478	7.1123991775E-5
479	7.1407930276E-5
480	7.169294079E-5
481	7.1979026873E-5
482	7.2266192086E-5
483	7.2554439999E-5
484	7.2843774189E-5
485	7.3134198242E-5
486	7.342571575E-5
487	7.3718330316E-5
488	7.4012045546E-5
489	7.4306865058E-5
490	7.4602792475E-5
491	7.4899831428E-5
492	7.5197985557E-5
493	7.5497258509E-5
494	7.5797653938E-5
495	7.6099175505E-5
496	7.640182688E-5
497	7.6705611741E-5
498	7.7010533771E-5
499	7.7316596662E-5
500	7.7623804114E-5
501	7.7932159834E-5
502	7.8241667536E-5
503	7.8552330941E-5
504	7.8864153778E-5
505	7.9177139785E-5
506	7.9491292703E-5
507	7.9806616284E-5
508	8.0123114287E-5
509	8.0440790476E-5
510	8.0759648624E-5
511	8.1079692511E-5
512	8.1400925923E-5
513	8.1723352655E-5
514	8.2046976507E-5
515	8.2371801288E-5
516	8.2697830813E-5
517	8.3025068903E-5
518	8.3353519388E-5
519	8.3683186104E-5
520	8.4014072893E-5
521	8.4346183606E-5
522	8.4679522098E-5
523	8.5014092234E-5
524	8.5349897882E-5
525	8.5686942921E-5
526	8.6025231234E-5
527	8.636476671E-5
528	8.6705553246E-5
529	8.7047594746E-5
530	8.739089512E-5
531	8.7735458285E-5
532	8.8081288162E-5
533	8.8428388681E-5
534	8.8776763779E-5
535	8.9126417396E-5
536	8.9477353482E-5
537	8.982957599E-5
538	9.0183088883E-5
539	9.0537896126E-5
540	9.0894001693E-5
541	9.1251409563E-5
542	9.1610123722E-5
543	9.1970148161E-5
544	9.2331486876E-5
545	9.2694143872E-5
546	9.3058123158E-5
547	9.3423428747E-5
548	9.3790064662E-5
549	9.4158034928E-5
550	9.4527343578E-5
551	9.4897994649E-5
552	9.5269992184E-5
553	9.5643340233E-5
554	9.601804285E-5
555	9.6394104094E-5
556	9.6771528031E-5
557	9.7150318732E-5
558	9.7530480271E-5
559	9.7912016731E-5
560	9.8294932197E-5
561	9.8679230761E-5
562	9.9064916518E-5
563	9.9451993571E-5
564	9.9840466026E-5
565	1.0023033799E-4
566	1.0062161359E-4
567	1.0101429694E-4
568	1.0140839216E-4
569	1.0180390338E-4
570	1.0220083475E-4
571	1.025991904E-4
572	1.0299897447E-4
573	1.0340019111E-4
574	1.0380284448E-4
575	1.0420693872E-4
576	1.0461247801E-4
577	1.0501946651E-4
578	1.0542790838E-4
579	1.0583780781E-4
580	1.0624916896E-4
581	1.0666199602E-4
582	1.0707629317E-4
583	1.0749206461E-4
584	1.0790931452E-4
585	1.083280471E-4
586	1.0874826656E-4
587	1.0916997709E-4
588	1.0959318289E-4
589	1.1001788819E-4
590	1.1044409719E-4
591	1.1087181411E-4
592	1.1130104317E-4
593	1.1173178859E-4
594	1.121640546E-4
595	1.1259784542E-4
596	1.1303316529E-4
597	1.1347001844E-4
598	1.139084091E-4
599	1.1434834152E-4
600	1.1478981994E-4
601	1.1523284859E-4
602	1.1567743173E-4
603	1.1612357361E-4
604	1.1657127847E-4
605	1.1702055057E-4
606	1.1747139417E-4
607	1.1792381351E-4
608	1.1837781285E-4
609	1.1883339647E-4
610	1.1929056861E-4
611	1.1974933355E-4
612	1.2020969554E-4
613	1.2067165886E-4
614	1.2113522776E-4
615	1.2160040652E-4
616	1.2206719941E-4
617	1.225356107E-4
618	1.2300564465E-4
619	1.2347730555E-4
620	1.2395059766E-4
621	1.2442552526E-4
622	1.2490209262E-4
623	1.2538030402E-4
624	1.2586016373E-4
625	1.2634167602E-4
626	1.2682484518E-4
627	1.2730967547E-4
628	1.2779617117E-4
629	1.2828433655E-4
630	1.287741759E-4
631	1.2926569348E-4
632	1.2975889357E-4
633	1.3025378043E-4
634	1.3075035835E-4
635	1.312486316E-4
636	1.3174860443E-4
637	1.3225028114E-4
638	1.3275366597E-4
639	1.332587632E-4
640	1.337655771E-4
641	1.3427411192E-4
642	1.3478437194E-4
643	1.352963614E-4
644	1.3581008458E-4
645	1.3632554573E-4
646	1.3684274909E-4
647	1.3736169893E-4
648	1.378823995E-4
649	1.3840485504E-4
650	1.389290698E-4
651	1.3945504801E-4
652	1.3998279393E-4
653	1.4051231179E-4
654	1.4104360582E-4
655	1.4157668025E-4
656	1.4211153931E-4
657	1.4264818723E-4
658	1.4318662821E-4
659	1.437268665E-4
660	1.4426890628E-4
661	1.4481275178E-4
662	1.4535840719E-4
663	1.4590587673E-4
664	1.4645516458E-4
665	1.4700627494E-4
666	1.4755921199E-4
667	1.4811397992E-4
668	1.4867058291E-4
669	1.4922902513E-4
670	1.4978931074E-4
671	1.5035144391E-4
672	1.5091542879E-4
673	1.5148126954E-4
674	1.5204897031E-4
675	1.5261853522E-4
676	1.5318996842E-4
677	1.5376327404E-4
678	1.5433845619E-4
679	1.5491551899E-4
680	1.5549446655E-4
681	1.5607530298E-4
682	1.5665803235E-4
683	1.5724265877E-4
684	1.5782918632E-4
685	1.5841761906E-4
686	1.5900796106E-4
687	1.5960021639E-4
688	1.6019438909E-4
689	1.6079048321E-4
690	1.6138850277E-4
691	1.6198845181E-4
692	1.6259033435E-4
693	1.6319415438E-4
694	1.6379991593E-4
695	1.6440762296E-4
696	1.6501727948E-4
697	1.6562888945E-4
698	1.6624245683E-4
699	1.6685798559E-4
700	1.6747547966E-4
701	1.6809494298E-4
702	1.6871637948E-4
703	1.6933979307E-4
704	1.6996518766E-4
705	1.7059256713E-4
706	1.7122193538E-4
707	1.7185329628E-4
708	1.7248665369E-4
709	1.7312201145E-4
710	1.7375937342E-4
711	1.743987434E-4
712	1.7504012523E-4
713	1.7568352271E-4
714	1.7632893962E-4
715	1.7697637975E-4
716	1.7762584686E-4
717	1.7827734471E-4
718	1.7893087704E-4
719	1.7958644759E-4
720	1.8024406005E-4
721	1.8090371815E-4
722	1.8156542556E-4
723	1.8222918597E-4
724	1.8289500303E-4
725	1.8356288039E-4
726	1.8423282168E-4
727	1.8490483053E-4
728	1.8557891054E-4
729	1.8625506529E-4
730	1.8693329837E-4
731	1.8761361333E-4
732	1.8829601371E-4
733	1.8898050305E-4
734	1.8966708485E-4
735	1.9035576261E-4
736	1.9104653982E-4
737	1.9173941994E-4
738	1.9243440642E-4
739	1.9313150268E-4
740	1.9383071214E-4
741	1.945320382E-4
742	1.9523548424E-4
743	1.9594105362E-4
744	1.9664874969E-4
745	1.9735857577E-4
746	1.9807053517E-4
747	1.9878463118E-4
748	1.9950086707E-4
749	2.0021924611E-4
750	2.0093977151E-4
751	2.016624465E-4
752	2.0238727427E-4
753	2.03114258E-4
754	2.0384340085E-4
755	2.0457470594E-4
756	2.0530817641E-4
757	2.0604381535E-4
758	2.0678162582E-4
759	2.0752161089E-4
760	2.082637736E-4
761	2.0900811694E-4
762	2.0975464392E-4
763	2.1050335751E-4
764	2.1125426065E-4
765	2.1200735627E-4
766	2.1276264728E-4
767	2.1352013655E-4
768	2.1427982694E-4
769	2.150417213E-4
770	2.1580582242E-4
771	2.1657213311E-4
772	2.1734065614E-4
773	2.1811139423E-4
774	2.1888435011E-4
775	2.1965952648E-4
776	2.20436926E-4
777	2.2121655132E-4
778	2.2199840507E-4
779	2.2278248983E-4
780	2.2356880817E-4
781	2.2435736265E-4
782	2.2514815578E-4
783	2.2594119005E-4
784	2.2673646793E-4
785	2.2753399186E-4
786	2.2833376426E-4
787	2.2913578752E-4
788	2.2994006398E-4
789	2.30746596E-4
790	2.3155538586E-4
791	2.3236643586E-4
792	2.3317974823E-4
793	2.3399532521E-4
794	2.3481316899E-4
795	2.3563328172E-4
796	2.3645566555E-4
797	2.3728032259E-4
798	2.381072549E-4
799	2.3893646455E-4
800	2.3976795355E-4
801	2.4060172388E-4
802	2.4143777751E-4
803	2.4227611636E-4
804	2.4311674233E-4
805	2.439596573E-4
806	2.4480486308E-4
807	2.456523615E-4
808	2.4650215431E-4
809	2.4735424327E-4
810	2.4820863007E-4
811	2.4906531641E-4
812	2.4992430391E-4
813	2.507855942E-4
814	2.5164918886E-4
815	2.5251508942E-4
816	2.533832974E-4
817	2.5425381427E-4
818	2.551266415E-4
819	2.5600178047E-4
820	2.5687923258E-4
821	2.5775899917E-4
822	2.5864108153E-4
823	2.5952548094E-4
824	2.6041219865E-4
825	2.6130123585E-4
826	2.6219259371E-4
827	2.6308627336E-4
828	2.6398227589E-4
829	2.6488060236E-4
830	2.657812538E-4
831	2.6668423118E-4
832	2.6758953546E-4
833	2.6849716754E-4
834	2.6940712831E-4
835	2.7031941858E-4
836	2.7123403917E-4
837	2.7215099084E-4
838	2.7307027429E-4
839	2.7399189022E-4
840	2.7491583927E-4
841	2.7584212204E-4
842	2.767707391E-4
843	2.7770169098E-4
844	2.7863497816E-4
845	2.7957060108E-4
846	2.8050856017E-4
847	2.8144885577E-4
848	2.8239148822E-4
849	2.8333645779E-4
850	2.8428376475E-4
851	2.8523340928E-4
852	2.8618539155E-4
853	2.8713971167E-4
854	2.8809636973E-4
855	2.8905536576E-4
856	2.9001669976E-4
857	2.9098037167E-4
858	2.919463814E-4
859	2.9291472882E-4
860	2.9388541375E-4
861	2.9485843597E-4
862	2.9583379521E-4
863	2.9681149117E-4
864	2.9779152348E-4
865	2.9877389176E-4
866	2.9975859557E-4
867	3.0074563441E-4
868	3.0173500776E-4
869	3.0272671503E-4
870	3.0372075562E-4
871	3.0471712885E-4
872	3.05715834E-4
873	3.0671687033E-4
874	3.0772023703E-4
875	3.0872593325E-4
876	3.0973395809E-4
877	3.107443106E-4
878	3.1175698981E-4
879	3.1277199466E-4
880	3.1378932408E-4
881	3.1480897694E-4
882	3.1583095205E-4
883	3.1685524818E-4
884	3.1788186407E-4
885	3.1891079839E-4
886	3.1994204977E-4
887	3.2097561678E-4
888	3.2201149796E-4
889	3.2304969179E-4
890	3.2409019671E-4
891	3.2513301109E-4
892	3.2617813327E-4
893	3.2722556154E-4
894	3.2827529414E-4
895	3.2932732923E-4
896	3.3038166497E-4
897	3.3143829943E-4
898	3.3249723065E-4
899	3.3355845662E-4
900	3.3462197526E-4
901	3.3568778445E-4
902	3.3675588204E-4
903	3.3782626579E-4
904	3.3889893343E-4
905	3.3997388264E-4
906	3.4105111105E-4
907	3.4213061622E-4
908	3.4321239567E-4
909	3.4429644688E-4
910	3.4538276726E-4
911	3.4647135417E-4
912	3.4756220493E-4
913	3.4865531678E-4
914	3.4975068694E-4
915	3.5084831255E-4
916	3.5194819071E-4
917	3.5305031847E-4
918	3.5415469282E-4
919	3.552613107E-4
920	3.5637016898E-4
921	3.574812645E-4
922	3.5859459404E-4
923	3.5971015431E-4
924	3.6082794199E-4
925	3.6194795368E-4
926	3.6307018594E-4
927	3.6419463528E-4
928	3.6532129815E-4
929	3.6645017093E-4
930	3.6758124997E-4
931	3.6871453155E-4
932	3.698500119E-4
933	3.7098768719E-4
934	3.7212755355E-4
935	3.7326960702E-4
936	3.7441384362E-4
937	3.755602593E-4
938	3.7670884995E-4
939	3.7785961142E-4
940	3.7901253948E-4
941	3.8016762986E-4
942	3.8132487824E-4
943	3.8248428022E-4
944	3.8364583136E-4
945	3.8480952718E-4
946	3.859753631E-4
947	3.8714333453E-4
948	3.8831343679E-4
949	3.8948566516E-4
950	3.9066001485E-4
951	3.9183648104E-4
952	3.9301505882E-4
953	3.9419574323E-4
954	3.9537852929E-4
955	3.9656341191E-4
956	3.9775038597E-4
957	3.989394463E-4
958	4.0013058765E-4
959	4.0132380474E-4
960	4.0251909221E-4
961	4.0371644465E-4
962	4.0491585659E-4
963	4.0611732252E-4
964	4.0732083685E-4
965	4.0852639394E-4
966	4.097339881E-4
967	4.1094361357E-4
968	4.1215526455E-4
969	4.1336893517E-4
970	4.1458461949E-4
971	4.1580231155E-4
972	4.1702200529E-4
973	4.1824369462E-4
974	4.1946737339E-4
975	4.2069303539E-4
976	4.2192067433E-4
977	4.231502839E-4
978	4.2438185772E-4
979	4.2561538933E-4
980	4.2685087224E-4
981	4.280882999E-4
982	4.2932766569E-4
983	4.3056896293E-4
984	4.3181218491E-4
985	4.3305732482E-4
986	4.3430437584E-4
987	4.3555333106E-4
988	4.3680418353E-4
989	4.3805692622E-4
990	4.3931155208E-4
991	4.4056805396E-4
992	4.4182642469E-4
993	4.4308665703E-4
994	4.4434874368E-4
995	4.4561267728E-4
996	4.4687845041E-4
997	4.4814605563E-4
998	4.4941548539E-4
999	4.5068673211E-4
1000	4.5195978818E-4
1001	4.5323464587E-4
1002	4.5451129746E-4
1003	4.5578973513E-4
1004	4.5706995103E-4
1005	4.5835193723E-4
1006	4.5963568577E-4
1007	4.6092118861E-4
1008	4.6220843768E-4
1009	4.6349742483E-4
1010	4.6478814188E-4
1011	4.6608058056E-4
1012	4.6737473259E-4
1013	4.6867058959E-4
1014	4.6996814316E-4
1015	4.7126738483E-4
1016	4.7256830607E-4
1017	4.7387089832E-4
1018	4.7517515293E-4
1019	4.7648106123E-4
1020	4.7778861447E-4
1021	4.7909780387E-4
1022	4.8040862058E-4
1023	4.8172105569E-4
1024	4.8303510026E-4
1025	4.8435074528E-4
1026	4.856679817E-4
1027	4.869868004E-4
1028	4.8830719222E-4
1029	4.8962914794E-4
1030	4.909526583E-4
1031	4.9227771398E-4
1032	4.9360430561E-4
1033	4.9493242376E-4
1034	4.9626205896E-4
1035	4.9759320168E-4
1036	4.9892584236E-4
1037	5.0025997135E-4
1038	5.0159557899E-4
1039	5.0293265555E-4
1040	5.0427119125E-4
1041	5.0561117626E-4
1042	5.0695260071E-4
1043	5.0829545466E-4
1044	5.0963972816E-4
1045	5.1098541116E-4
1046	5.123324936E-4
1047	5.1368096536E-4
1048	5.1503081626E-4
1049	5.1638203609E-4
1050	5.1773461459E-4
1051	5.1908854144E-4
1052	5.2044380628E-4
1053	5.2180039871E-4
1054	5.2315830827E-4
1055	5.2451752447E-4
1056	5.2587803676E-4
1057	5.2723983454E-4
1058	5.2860290719E-4
1059	5.2996724401E-4
1060	5.3133283429E-4
1061	5.3269966726E-4
1062	5.3406773208E-4
1063	5.3543701792E-4
1064	5.3680751386E-4
1065	5.3817920895E-4
1066	5.3955209222E-4
1067	5.4092615261E-4
1068	5.4230137907E-4
1069	5.4367776047E-4
1070	5.4505528565E-4
1071	5.4643394341E-4
1072	5.4781372251E-4
1073	5.4919461167E-4
1074	5.5057659956E-4
1075	5.5195967482E-4
1076	5.5334382605E-4
1077	5.547290418E-4
1078	5.5611531059E-4
1079	5.575026209E-4
1080	5.5889096118E-4
1081	5.6028031981E-4
1082	5.6167068517E-4
1083	5.6306204558E-4
1084	5.6445438934E-4
1085	5.6584770469E-4
1086	5.6724197986E-4
1087	5.6863720302E-4
1088	5.7003336232E-4
1089	5.7143044587E-4
1090	5.7282844174E-4
1091	5.7422733798E-4
1092	5.7562712259E-4
1093	5.7702778354E-4
1094	5.7842930878E-4
1095	5.7983168621E-4
1096	5.812349037E-4
1097	5.8263894909E-4
1098	5.8404381021E-4
1099	5.8544947482E-4
1100	5.8685593067E-4
1101	5.8826316548E-4
1102	5.8967116694E-4
1103	5.910799227E-4
1104	5.924894204E-4
1105	5.9389964762E-4
1106	5.9531059195E-4
1107	5.9672224093E-4
1108	5.9813458206E-4
1109	5.9954760284E-4
1110	6.0096129073E-4
1111	6.0237563316E-4
1112	6.0379061755E-4
1113	6.0520623127E-4
1114	6.0662246169E-4
1115	6.0803929613E-4
1116	6.094567219E-4
1117	6.108747263E-4
1118	6.1229329659E-4
1119	6.1371241999E-4
1120	6.1513208374E-4
1121	6.1655227502E-4
1122	6.1797298101E-4
1123	6.1939418886E-4
1124	6.2081588571E-4
1125	6.2223805865E-4
1126	6.236606948E-4
1127	6.2508378121E-4
1128	6.2650730495E-4
1129	6.2793125305E-4
1130	6.2935561252E-4
1131	6.3078037037E-4
1132	6.3220551358E-4
1133	6.3363102911E-4
1134	6.3505690392E-4
1135	6.3648312495E-4
1136	6.3790967911E-4
1137	6.3933655331E-4
1138	6.4076373444E-4
1139	6.4219120937E-4
1140	6.4361896499E-4
1141	6.4504698812E-4
1142	6.4647526563E-4
1143	6.4790378432E-4
1144	6.4933253103E-4
1145	6.5076149256E-4
1146	6.521906557E-4
1147	6.5362000724E-4
1148	6.5504953396E-4
1149	6.5647922262E-4
1150	6.5790905999E-4
1151	6.5933903281E-4
1152	6.6076912783E-4
1153	6.621993318E-4
1154	6.6362963143E-4
1155	6.6506001346E-4
1156	6.6649046461E-4
1157	6.6792097158E-4
1158	6.693515211E-4
1159	6.7078209987E-4
1160	6.7221269459E-4
1161	6.7364329196E-4
1162	6.7507387868E-4
1163	6.7650444146E-4
1164	6.7793496697E-4
1165	6.7936544192E-4
1166	6.8079585299E-4
1167	6.8222618689E-4
1168	6.8365643031E-4
1169	6.8508656993E-4
1170	6.8651659246E-4
1171	6.879464846E-4
1172	6.8937623305E-4
1173	6.908058245E-4
1174	6.9223524568E-4
1175	6.9366448328E-4
1176	6.9509352403E-4
1177	6.9652235465E-4
1178	6.9795096185E-4
1179	6.9937933239E-4
1180	7.0080745298E-4
1181	7.0223531039E-4
1182	7.0366289136E-4
1183	7.0509018265E-4
1184	7.0651717104E-4
1185	7.079438433E-4
1186	7.0937018622E-4
1187	7.107961866E-4
1188	7.1222183125E-4
1189	7.1364710698E-4
1190	7.1507200063E-4
1191	7.1649649904E-4
1192	7.1792058906E-4
1193	7.1934425757E-4
1194	7.2076749144E-4
1195	7.2219027756E-4
1196	7.2361260285E-4
1197	7.2503445423E-4
1198	7.2645581865E-4
1199	7.2787668304E-4
1200	7.2929703439E-4
1201	7.3071685969E-4
1202	7.3213614593E-4
1203	7.3355488015E-4
1204	7.3497304937E-4
1205	7.3639064067E-4
1206	7.3780764112E-4
1207	7.3922403781E-4
1208	7.4063981787E-4
1209	7.4205496843E-4
1210	7.4346947666E-4
1211	7.4488332973E-4
1212	7.4629651484E-4
1213	7.4770901923E-4
1214	7.4912083013E-4
1215	7.5053193483E-4
1216	7.5194232061E-4
1217	7.5335197479E-4
1218	7.5476088472E-4
1219	7.5616903776E-4
1220	7.5757642132E-4
1221	7.589830228E-4
1222	7.6038882966E-4
1223	7.6179382936E-4
1224	7.6319800942E-4
1225	7.6460135735E-4
1226	7.6600386071E-4
1227	7.674055071E-4
1228	7.6880628411E-4
1229	7.702061794E-4
1230	7.7160518064E-4
1231	7.7300327554E-4
1232	7.7440045182E-4
1233	7.7579669725E-4
1234	7.7719199963E-4
1235	7.7858634679E-4
1236	7.7997972659E-4
1237	7.8137212693E-4
1238	7.8276353573E-4
1239	7.8415394095E-4
1240	7.855433306E-4
1241	7.8693169269E-4
1242	7.8831901529E-4
1243	7.8970528651E-4
1244	7.9109049448E-4
1245	7.9247462737E-4
1246	7.9385767339E-4
1247	7.9523962078E-4
1248	7.9662045783E-4
1249	7.9800017286E-4
1250	7.9937875422E-4
1251	8.0075619031E-4
1252	8.0213246957E-4
1253	8.0350758046E-4
1254	8.0488151151E-4
1255	8.0625425127E-4
1256	8.0762578832E-4
1257	8.0899611131E-4
1258	8.103652089E-4
1259	8.1173306982E-4
1260	8.1309968283E-4
1261	8.1446503671E-4
1262	8.1582912032E-4
1263	8.1719192255E-4
1264	8.185534323E-4
1265	8.1991363857E-4
1266	8.2127253037E-4
1267	8.2263009674E-4
1268	8.239863268E-4
1269	8.253412097E-4
1270	8.2669473463E-4
1271	8.2804689082E-4
1272	8.2939766756E-4
1273	8.3074705418E-4
1274	8.3209504005E-4
1275	8.334416146E-4
1276	8.347867673E-4
1277	8.3613048767E-4
1278	8.3747276526E-4
1279	8.3881358969E-4
1280	8.4015295062E-4
1281	8.4149083776E-4
1282	8.4282724087E-4
1283	8.4416214974E-4
1284	8.4549555424E-4
1285	8.4682744427E-4
1286	8.4815780978E-4
1287	8.4948664078E-4
1288	8.5081392732E-4
1289	8.521396595E-4
1290	8.5346382748E-4
1291	8.5478642147E-4
1292	8.5610743173E-4
1293	8.5742684855E-4
1294	8.5874466231E-4
1295	8.6006086341E-4
1296	8.6137544233E-4
1297	8.6268838957E-4
1298	8.6399969571E-4
1299	8.6530935137E-4
1300	8.6661734722E-4
1301	8.67923674E-4
1302	8.6922832248E-4
1303	8.7053128351E-4
1304	8.7183254797E-4
1305	8.7313210681E-4
1306	8.7442995103E-4
1307	8.7572607167E-4
1308	8.7702045986E-4
1309	8.7831310674E-4
1310	8.7960400354E-4
1311	8.8089314153E-4
1312	8.8218051205E-4
1313	8.8346610647E-4
1314	8.8474991623E-4
1315	8.8603193283E-4
1316	8.8731214782E-4
1317	8.8859055282E-4
1318	8.8986713948E-4
1319	8.9114189953E-4
1320	8.9241482475E-4
1321	8.9368590697E-4
1322	8.9495513808E-4
1323	8.9622251003E-4
1324	8.9748801484E-4
1325	8.9875164455E-4
1326	9.000133913E-4
1327	9.0127324727E-4
1328	9.0253120469E-4
1329	9.0378725585E-4
1330	9.0504139312E-4
1331	9.0629360889E-4
1332	9.0754389565E-4
1333	9.0879224592E-4
1334	9.1003865228E-4
1335	9.1128310739E-4
1336	9.1252560393E-4
1337	9.1376613469E-4
1338	9.1500469247E-4
1339	9.1624127016E-4
1340	9.1747586069E-4
1341	9.1870845708E-4
1342	9.1993905236E-4
1343	9.2116763967E-4
1344	9.2239421216E-4
1345	9.2361876309E-4
1346	9.2484128575E-4
1347	9.2606177348E-4
1348	9.272802197E-4
1349	9.2849661789E-4
1350	9.2971096158E-4
1351	9.3092324435E-4
1352	9.3213345987E-4
1353	9.3334160184E-4
1354	9.3454766404E-4
1355	9.3575164029E-4
1356	9.3695352448E-4
1357	9.3815331058E-4
1358	9.3935099258E-4
1359	9.4054656455E-4
1360	9.4174002064E-4
1361	9.4293135502E-4
1362	9.4412056195E-4
1363	9.4530763574E-4
1364	9.4649257076E-4
1365	9.4767536143E-4
1366	9.4885600224E-4
1367	9.5003448775E-4
1368	9.5121081257E-4
1369	9.5238497135E-4
1370	9.5355695884E-4
1371	9.5472676981E-4
1372	9.5589439912E-4
1373	9.5705984168E-4
1374	9.5822309244E-4
1375	9.5938414645E-4
1376	9.6054299878E-4
1377	9.6169964399E-4
1378	9.6285407695E-4
1379	9.6400629293E-4
1380	9.6515628725E-4
1381	9.663040553E-4
1382	9.6744959254E-4
1383	9.6859289446E-4
1384	9.6973395664E-4
1385	9.7087277469E-4
1386	9.7200934431E-4
1387	9.7314366123E-4
1388	9.7427572126E-4
1389	9.7540552025E-4
1390	9.7653305414E-4
1391	9.7765831888E-4
1392	9.7878131053E-4
1393	9.7990202517E-4
1394	9.8102045897E-4
1395	9.8213660812E-4
1396	9.8325046891E-4
1397	9.8436203766E-4
1398	9.8547131076E-4
1399	9.8657828465E-4
1400	9.8768295583E-4
1401	9.8878532086E-4
1402	9.8988537636E-4
1403	9.9098311901E-4
1404	9.9207854554E-4
1405	9.9317165273E-4
1406	9.9426243743E-4
1407	9.9535089655E-4
1408	9.9643702705E-4
1409	9.9752082594E-4
1410	9.986022903E-4
1411	9.9968141726E-4
1412	1.000758204E-3
1413	1.0018326478E-3
1414	1.0029047459E-3
1415	1.0039744956E-3
1416	1.0050418945E-3
1417	1.0061069399E-3
1418	1.0071696294E-3
1419	1.0082299606E-3
1420	1.009287931E-3
1421	1.0103435385E-3
1422	1.0113967806E-3
1423	1.0124476553E-3
1424	1.0134961603E-3
1425	1.0145422936E-3
1426	1.0155860531E-3
1427	1.0166274369E-3
1428	1.017666443E-3
1429	1.0187030695E-3
1430	1.0197373146E-3
1431	1.0207691766E-3
1432	1.0217986537E-3
1433	1.0228257442E-3
1434	1.0238504466E-3
1435	1.0248727593E-3
1436	1.0258926808E-3
1437	1.0269102096E-3
1438	1.0279253443E-3
1439	1.0289380835E-3
1440	1.0299484261E-3
1441	1.0309563706E-3
1442	1.031961916E-3
1443	1.0329650611E-3
1444	1.0339658048E-3
1445	1.034964146E-3
1446	1.0359600837E-3
1447	1.0369536171E-3
1448	1.0379447452E-3
1449	1.0389334671E-3
1450	1.0399197822E-3
1451	1.0409036895E-3
1452	1.0418851886E-3
1453	1.0428642786E-3
1454	1.043840959E-3
1455	1.0448152293E-3
1456	1.045787089E-3
1457	1.0467565376E-3
1458	1.0477235746E-3
1459	1.0486881999E-3
1460	1.049650413E-3
1461	1.0506102136E-3
1462	1.0515676017E-3
1463	1.0525225769E-3
1464	1.0534751393E-3
1465	1.0544252887E-3
1466	1.0553730251E-3
1467	1.0563183485E-3
1468	1.057261259E-3
1469	1.0582017567E-3
1470	1.0591398417E-3
1471	1.0600755143E-3
1472	1.0610087748E-3
1473	1.0619396233E-3
1474	1.0628680602E-3
1475	1.063794086E-3
1476	1.064717701E-3
1477	1.0656389058E-3
1478	1.0665577007E-3
1479	1.0674740865E-3
1480	1.0683880636E-3
1481	1.0692996328E-3
1482	1.0702087947E-3
1483	1.07111555E-3
1484	1.0720198995E-3
1485	1.072921844E-3
1486	1.0738213844E-3
1487	1.0747185216E-3
1488	1.0756132564E-3
1489	1.07650559E-3
1490	1.0773955232E-3
1491	1.0782830572E-3
1492	1.079168193E-3
1493	1.0800509319E-3
1494	1.0809312748E-3
1495	1.0818092232E-3
1496	1.0826847782E-3
1497	1.0835579412E-3
1498	1.0844287134E-3
1499	1.0852970962E-3
1500	1.0861630911E-3
1501	1.0870266995E-3
1502	1.0878879228E-3
1503	1.0887467627E-3
1504	1.0896032207E-3
1505	1.0904572983E-3
1506	1.0913089972E-3
1507	1.0921583191E-3
1508	1.0930052657E-3
1509	1.0938498387E-3
1510	1.0946920399E-3
1511	1.0955318711E-3
1512	1.0963693342E-3
1513	1.0972044311E-3
1514	1.0980371636E-3
1515	1.0988675337E-3
1516	1.0996955435E-3
1517	1.1005211949E-3
1518	1.1013444901E-3
1519	1.102165431E-3
1520	1.1029840198E-3
1521	1.1038002587E-3
1522	1.1046141499E-3
1523	1.1054256955E-3
1524	1.1062348979E-3
1525	1.1070417593E-3
1526	1.1078462821E-3
1527	1.1086484685E-3
1528	1.109448321E-3
1529	1.110245842E-3
1530	1.1110410339E-3
1531	1.1118338993E-3
1532	1.1126244405E-3
1533	1.1134126602E-3
1534	1.1141985608E-3
1535	1.1149821451E-3
1536	1.1157634156E-3
1537	1.116542375E-3
1538	1.1173190259E-3
1539	1.1180933711E-3
1540	1.1188654132E-3
1541	1.1196351552E-3
1542	1.1204025997E-3
1543	1.1211677496E-3
1544	1.1219306077E-3
1545	1.1226911769E-3
1546	1.1234494601E-3
1547	1.1242054603E-3
1548	1.1249591803E-3
1549	1.1257106232E-3
1550	1.126459792E-3
1551	1.1272066897E-3
1552	1.1279513194E-3
1553	1.1286936842E-3
1554	1.1294337871E-3
1555	1.1301716313E-3
1556	1.1309072199E-3
1557	1.1316405563E-3
1558	1.1323716434E-3
1559	1.1331004846E-3
1560	1.1338270832E-3
1561	1.1345514424E-3
1562	1.1352735655E-3
1563	1.1359934558E-3
1564	1.1367111166E-3
1565	1.1374265515E-3
1566	1.1381397637E-3
1567	1.1388507566E-3
1568	1.1395595337E-3
1569	1.1402660984E-3
1570	1.1409704542E-3
1571	1.1416726047E-3
1572	1.1423725533E-3
1573	1.1430703035E-3
1574	1.143765859E-3
1575	1.1444592233E-3
1576	1.1451504E-3
1577	1.1458393927E-3
1578	1.146526205E-3
1579	1.1472108407E-3
1580	1.1478933034E-3
1581	1.1485735968E-3
1582	1.1492517245E-3
1583	1.1499276904E-3
1584	1.1506014982E-3
1585	1.1512731516E-3
1586	1.1519426545E-3
1587	1.1526100106E-3
1588	1.1532752238E-3
1589	1.1539382978E-3
1590	1.1545992366E-3
1591	1.1552580441E-3
1592	1.155914724E-3
1593	1.1565692803E-3
1594	1.157221717E-3
1595	1.1578720379E-3
1596	1.1585202471E-3
1597	1.1591663484E-3
1598	1.1598103458E-3
1599	1.1604522435E-3
1600	1.1610920452E-3
1601	1.1617297552E-3
1602	1.1623653774E-3
1603	1.1629989158E-3
1604	1.1636303746E-3
1605	1.1642597578E-3
1606	1.1648870696E-3
1607	1.1655123139E-3
1608	1.166135495E-3
1609	1.166756617E-3
1610	1.167375684E-3
1611	1.1679927002E-3
1612	1.1686076697E-3
1613	1.1692205967E-3
1614	1.1698314855E-3
1615	1.1704403402E-3
1616	1.171047165E-3
1617	1.1716519643E-3
1618	1.1722547421E-3
1619	1.1728555028E-3
1620	1.1734542506E-3
1621	1.1740509898E-3
1622	1.1746457247E-3
1623	1.1752384596E-3
1624	1.1758291987E-3
1625	1.1764179465E-3
1626	1.1770047071E-3
1627	1.177589485E-3
1628	1.1781722844E-3
1629	1.1787531098E-3
1630	1.1793319655E-3
1631	1.1799088558E-3
1632	1.1804837852E-3
1633	1.181056758E-3
1634	1.1816277785E-3
1635	1.1821968513E-3
1636	1.1827639807E-3
1637	1.1833291712E-3
1638	1.1838924271E-3
1639	1.1844537529E-3
1640	1.185013153E-3
1641	1.1855706318E-3
1642	1.1861261939E-3
1643	1.1866798437E-3
1644	1.1872315856E-3
1645	1.1877814242E-3
1646	1.1883293638E-3
1647	1.188875409E-3
1648	1.1894195643E-3
1649	1.1899618341E-3
1650	1.190502223E-3
1651	1.1910407355E-3
1652	1.191577376E-3
1653	1.1921121492E-3
1654	1.1926450594E-3
1655	1.1931761113E-3
1656	1.1937053094E-3
1657	1.1942326582E-3
1658	1.1947581622E-3
1659	1.1952818261E-3
1660	1.1958036542E-3
1661	1.1963236513E-3
1662	1.1968418218E-3
1663	1.1973581704E-3
1664	1.1978727015E-3
1665	1.1983854197E-3
1666	1.1988963296E-3
1667	1.1994054358E-3
1668	1.1999127429E-3
1669	1.2004182554E-3
1670	1.2009219779E-3
1671	1.201423915E-3
1672	1.2019240713E-3
1673	1.2024224513E-3
1674	1.2029190597E-3
1675	1.203413901E-3
1676	1.2039069799E-3
1677	1.2043983009E-3
1678	1.2048878686E-3
1679	1.2053756876E-3
1680	1.2058617626E-3
1681	1.2063460981E-3
1682	1.2068286987E-3
1683	1.207309569E-3
1684	1.2077887137E-3
1685	1.2082661372E-3
1686	1.2087418444E-3
1687	1.2092158396E-3
1688	1.2096881276E-3
1689	1.2101587129E-3
1690	1.2106276002E-3
1691	1.211094794E-3
1692	1.211560299E-3
1693	1.2120241198E-3
1694	1.2124862609E-3
1695	1.212946727E-3
1696	1.2134055226E-3
1697	1.2138626524E-3
1698	1.214318121E-3
1699	1.214771933E-3
1700	1.2152240929E-3
1701	1.2156746053E-3
1702	1.216123475E-3
1703	1.2165707064E-3
1704	1.2170163041E-3
1705	1.2174602728E-3
1706	1.217902617E-3
1707	1.2183433413E-3
1708	1.2187824502E-3
1709	1.2192199485E-3
1710	1.2196558407E-3
1711	1.2200901312E-3
1712	1.2205228248E-3
1713	1.220953926E-3
1714	1.2213834394E-3
1715	1.2218113694E-3
1716	1.2222377208E-3
1717	1.222662498E-3
1718	1.2230857057E-3
1719	1.2235073483E-3
1720	1.2239274304E-3
1721	1.2243459567E-3
1722	1.2247629315E-3
1723	1.2251783595E-3
1724	1.2255922453E-3
1725	1.2260045933E-3
1726	1.226415408E-3
1727	1.2268246941E-3
1728	1.227232456E-3
1729	1.2276386983E-3
1730	1.2280434255E-3
1731	1.228446642E-3
1732	1.2288483524E-3
1733	1.2292485613E-3
1734	1.229647273E-3
1735	1.2300444922E-3
1736	1.2304402232E-3
1737	1.2308344707E-3
1738	1.2312272389E-3
1739	1.2316185326E-3
1740	1.232008356E-3
1741	1.2323967138E-3
1742	1.2327836102E-3
1743	1.2331690499E-3
1744	1.2335530372E-3
1745	1.2339355767E-3
1746	1.2343166727E-3
1747	1.2346963297E-3
1748	1.2350745521E-3
1749	1.2354513443E-3
1750	1.2358267108E-3
1751	1.236200656E-3
1752	1.2365731843E-3
1753	1.2369443001E-3
1754	1.2373140078E-3
1755	1.2376823117E-3
1756	1.2380492164E-3
1757	1.2384147261E-3
1758	1.2387788452E-3
1759	1.2391415781E-3
1760	1.2395029292E-3
1761	1.2398629028E-3
1762	1.2402215033E-3
1763	1.240578735E-3
1764	1.2409346022E-3
1765	1.2412891094E-3
1766	1.2416422607E-3
1767	1.2419940605E-3
1768	1.2423445132E-3
1769	1.242693623E-3
1770	1.2430413943E-3
1771	1.2433878313E-3
1772	1.2437329383E-3
1773	1.2440767195E-3
1774	1.2444191794E-3
1775	1.2447603221E-3
1776	1.2451001518E-3
1777	1.2454386729E-3
1778	1.2457758895E-3
1779	1.246111806E-3
1780	1.2464464265E-3
1781	1.2467797552E-3
1782	1.2471117964E-3
1783	1.2474425543E-3
1784	1.2477720331E-3
1785	1.2481002369E-3
1786	1.24842717E-3
1787	1.2487528365E-3
1788	1.2490772406E-3
1789	1.2494003864E-3
1790	1.2497222782E-3
1791	1.25004292E-3
1792	1.250362316E-3
1793	1.2506804703E-3
1794	1.2509973871E-3
1795	1.2513130704E-3
1796	1.2516275244E-3
1797	1.2519407532E-3
1798	1.2522527608E-3
1799	1.2525635514E-3
1800	1.2528731289E-3
1801	1.2531814976E-3
1802	1.2534886614E-3
1803	1.2537946244E-3
1804	1.2540993906E-3
1805	1.254402964E-3
1806	1.2547053488E-3
1807	1.2550065489E-3
1808	1.2553065683E-3
1809	1.255605411E-3
1810	1.255903081E-3
1811	1.2561995824E-3
1812	1.256494919E-3
1813	1.2567890948E-3
1814	1.2570821139E-3
1815	1.2573739801E-3
1816	1.2576646973E-3
1817	1.2579542697E-3
1818	1.2582427009E-3
1819	1.2585299951E-3
1820	1.258816156E-3
1821	1.2591011876E-3
1822	1.2593850937E-3
1823	1.2596678784E-3
1824	1.2599495453E-3
1825	1.2602300984E-3
1826	1.2605095416E-3
1827	1.2607878786E-3
1828	1.2610651134E-3
1829	1.2613412497E-3
1830	1.2616162914E-3
1831	1.2618902424E-3
1832	1.2621631062E-3
1833	1.2624348869E-3
1834	1.2627055882E-3
1835	1.2629752138E-3
1836	1.2632437675E-3
1837	1.2635112531E-3
1838	1.2637776743E-3
1839	1.2640430349E-3
1840	1.2643073386E-3
1841	1.2645705891E-3
1842	1.2648327901E-3
1843	1.2650939454E-3
1844	1.2653540586E-3
1845	1.2656131334E-3
1846	1.2658711735E-3
1847	1.2661281825E-3
1848	1.2663841642E-3
1849	1.2666391222E-3
1850	1.2668930601E-3
1851	1.2671459815E-3
1852	1.26739789E-3
1853	1.2676487894E-3
1854	1.2678986831E-3
1855	1.2681475749E-3
1856	1.2683954681E-3
1857	1.2686423666E-3
1858	1.2688882737E-3
1859	1.2691331931E-3
1860	1.2693771283E-3
1861	1.2696200829E-3
1862	1.2698620603E-3
1863	1.2701030642E-3
1864	1.2703430979E-3
1865	1.2705821651E-3
1866	1.2708202692E-3
1867	1.2710574137E-3
1868	1.2712936021E-3
1869	1.2715288378E-3
1870	1.2717631243E-3
1871	1.2719964651E-3
1872	1.2722288635E-3
1873	1.272460323E-3
1874	1.2726908471E-3
1875	1.2729204391E-3
1876	1.2731491024E-3
1877	1.2733768405E-3
1878	1.2736036567E-3
1879	1.2738295543E-3
1880	1.2740545369E-3
1881	1.2742786076E-3
1882	1.2745017698E-3
1883	1.274724027E-3
1884	1.2749453823E-3
1885	1.2751658392E-3
1886	1.2753854009E-3
1887	1.2756040707E-3
1888	1.2758218519E-3
1889	1.2760387479E-3
1890	1.2762547618E-3
1891	1.2764698969E-3
1892	1.2766841566E-3
1893	1.2768975439E-3
1894	1.2771100622E-3
1895	1.2773217147E-3
1896	1.2775325046E-3
1897	1.2777424351E-3
1898	1.2779515094E-3
1899	1.2781597306E-3
1900	1.278367102E-3
1901	1.2785736268E-3
1902	1.278779308E-3
1903	1.2789841489E-3
1904	1.2791881526E-3
1905	1.2793913221E-3
1906	1.2795936607E-3
1907	1.2797951715E-3
1908	1.2799958575E-3
1909	1.2801957218E-3
1910	1.2803947675E-3
1911	1.2805929978E-3
1912	1.2807904156E-3
1913	1.2809870241E-3
1914	1.2811828262E-3
1915	1.281377825E-3
1916	1.2815720236E-3
1917	1.2817654249E-3
1918	1.2819580321E-3
1919	1.282149848E-3
1920	1.2823408756E-3
1921	1.282531118E-3
1922	1.2827205782E-3
1923	1.282909259E-3
1924	1.2830971635E-3
1925	1.2832842946E-3
1926	1.2834706553E-3
1927	1.2836562484E-3
1928	1.2838410768E-3
1929	1.2840251436E-3
1930	1.2842084516E-3
1931	1.2843910037E-3
1932	1.2845728028E-3
1933	1.2847538517E-3
1934	1.2849341533E-3
1935	1.2851137105E-3
1936	1.2852925262E-3
1937	1.2854706031E-3
1938	1.285647944E-3
1939	1.285824552E-3
1940	1.2860004296E-3
1941	1.2861755798E-3
1942	1.2863500053E-3
1943	1.2865237089E-3
1944	1.2866966934E-3
1945	1.2868689615E-3
1946	1.2870405161E-3
1947	1.2872113598E-3
1948	1.2873814954E-3
1949	1.2875509257E-3
1950	1.2877196534E-3
1951	1.2878876811E-3
1952	1.2880550116E-3
1953	1.2882216475E-3
1954	1.2883875917E-3
1955	1.2885528467E-3
1956	1.2887174152E-3
1957	1.2888812999E-3
1958	1.2890445034E-3
1959	1.2892070284E-3
1960	1.2893688776E-3
1961	1.2895300534E-3
1962	1.2896905587E-3
1963	1.2898503959E-3
1964	1.2900095677E-3
1965	1.2901680766E-3
1966	1.2903259253E-3
1967	1.2904831163E-3
1968	1.2906396523E-3
1969	1.2907955356E-3
1970	1.290950769E-3
1971	1.2911053549E-3
1972	1.291259296E-3
1973	1.2914125946E-3
1974	1.2915652533E-3
1975	1.2917172747E-3
1976	1.2918686611E-3
1977	1.2920194152E-3
1978	1.2921695395E-3
1979	1.2923190362E-3
1980	1.2924679081E-3
1981	1.2926161574E-3
1982	1.2927637867E-3
1983	1.2929107983E-3
1984	1.2930571948E-3
1985	1.2932029785E-3
1986	1.2933481519E-3
1987	1.2934927174E-3
1988	1.2936366773E-3
1989	1.2937800341E-3
1990	1.2939227901E-3
1991	1.2940649477E-3
1992	1.2942065094E-3
1993	1.2943474773E-3
1994	1.294487854E-3
1995	1.2946276417E-3
1996	1.2947668428E-3
1997	1.2949054596E-3
1998	1.2950434944E-3
1999	1.2951809495E-3
2000	1.2953178272E-3
2001	1.2954541299E-3
2002	1.2955898597E-3
2003	1.2957250191E-3
2004	1.2958596102E-3
2005	1.2959936353E-3
2006	1.2961270967E-3
2007	1.2962599966E-3
2008	1.2963923373E-3
2009	1.296524121E-3
2010	1.2966553499E-3
2011	1.2967860262E-3
2012	1.2969161521E-3
2013	1.2970457299E-3
2014	1.2971747617E-3
2015	1.2973032496E-3
2016	1.297431196E-3
2017	1.297558603E-3
2018	1.2976854726E-3
2019	1.2978118071E-3
2020	1.2979376087E-3
2021	1.2980628793E-3
2022	1.2981876213E-3
2023	1.2983118366E-3
2024	1.2984355275E-3
2025	1.298558696E-3
2026	1.2986813442E-3
2027	1.2988034743E-3
2028	1.2989250882E-3
2029	1.2990461881E-3
2030	1.2991667761E-3
2031	1.2992868542E-3
2032	1.2994064244E-3
2033	1.2995254889E-3
2034	1.2996440496E-3
2035	1.2997621086E-3
2036	1.299879668E-3
2037	1.2999967296E-3
2038	1.3001132956E-3
2039	1.3002293679E-3
2040	1.3003449486E-3
2041	1.3004600396E-3
2042	1.3005746429E-3
2043	1.3006887605E-3
2044	1.3008023944E-3
2045	1.3009155465E-3
2046	1.3010282187E-3
2047	1.3011404131E-3
2048	1.3012521315E-3
2049	1.3013633759E-3
2050	1.3014741482E-3
2051	1.3015844503E-3
2052	1.3016942841E-3
2053	1.3018036516E-3
2054	1.3019125547E-3
2055	1.3020209951E-3
2056	1.3021289749E-3
2057	1.3022364958E-3
2058	1.3023435598E-3
2059	1.3024501688E-3
2060	1.3025563244E-3
2061	1.3026620287E-3
2062	1.3027672835E-3
2063	1.3028720905E-3
2064	1.3029764517E-3
2065	1.3030803688E-3
2066	1.3031838437E-3
2067	1.3032868781E-3
2068	1.3033894739E-3
2069	1.3034916328E-3
2070	1.3035933567E-3
2071	1.3036946473E-3
2072	1.3037955063E-3
2073	1.3038959357E-3
2074	1.3039959371E-3
2075	1.3040955122E-3
2076	1.3041946629E-3
2077	1.3042933908E-3
2078	1.3043916977E-3
2079	1.3044895854E-3
2080	1.3045870555E-3
2081	1.3046841098E-3
2082	1.3047807499E-3
2083	1.3048769776E-3
2084	1.3049727946E-3
2085	1.3050682025E-3
2086	1.3051632031E-3
2087	1.3052577979E-3
2088	1.3053519888E-3
2089	1.3054457773E-3
2090	1.3055391651E-3
2091	1.3056321539E-3
2092	1.3057247452E-3
2093	1.3058169408E-3
2094	1.3059087423E-3
2095	1.3060001513E-3
2096	1.3060911693E-3
2097	1.3061817981E-3
2098	1.3062720393E-3
2099	1.3063618944E-3
2100	1.306451365E-3
2101	1.3065404527E-3
2102	1.3066291591E-3
2103	1.3067174858E-3
2104	1.3068054344E-3
2105	1.3068930064E-3
2106	1.3069802033E-3
2107	1.3070670268E-3
2108	1.3071534783E-3
2109	1.3072395595E-3
2110	1.3073252718E-3
2111	1.3074106168E-3
2112	1.307495596E-3
2113	1.3075802109E-3
2114	1.307664463E-3
2115	1.3077483539E-3
2116	1.307831885E-3
2117	1.3079150579E-3
2118	1.3079978739E-3
2119	1.3080803347E-3
2120	1.3081624416E-3
2121	1.3082441962E-3
2122	1.3083255999E-3
2123	1.3084066542E-3
2124	1.3084873605E-3
2125	1.3085677203E-3
2126	1.3086477349E-3
2127	1.308727406E-3
2128	1.3088067348E-3
2129	1.3088857228E-3
2130	1.3089643715E-3
2131	1.3090426822E-3
2132	1.3091206564E-3
2133	1.3091982954E-3
2134	1.3092756007E-3
2135	1.3093525736E-3
2136	1.3094292156E-3
2137	1.309505528E-3
2138	1.3095815122E-3
2139	1.3096571695E-3
2140	1.3097325014E-3
2141	1.3098075092E-3
2142	1.3098821942E-3
2143	1.3099565578E-3
2144	1.3100306014E-3
2145	1.3101043262E-3
2146	1.3101777337E-3
2147	1.3102508251E-3
2148	1.3103236018E-3
2149	1.310396065E-3
2150	1.3104682162E-3
2151	1.3105400565E-3
2152	1.3106115874E-3
2153	1.31068281E-3
2154	1.3107537258E-3
2155	1.310824336E-3
2156	1.3108946418E-3
2157	1.3109646445E-3
2158	1.3110343455E-3
2159	1.311103746E-3
2160	1.3111728472E-3
2161	1.3112416504E-3
2162	1.3113101568E-3
2163	1.3113783678E-3
2164	1.3114462845E-3
2165	1.3115139081E-3
2166	1.31158124E-3
2167	1.3116482814E-3
2168	1.3117150334E-3
2169	1.3117814972E-3
2170	1.3118476742E-3
2171	1.3119135654E-3
2172	1.3119791722E-3
2173	1.3120444956E-3
2174	1.312109537E-3
2175	1.3121742974E-3
2176	1.3122387781E-3
2177	1.3123029803E-3
2178	1.312366905E-3
2179	1.3124305536E-3
2180	1.3124939271E-3
2181	1.3125570267E-3
2182	1.3126198536E-3
2183	1.3126824089E-3
2184	1.3127446938E-3
2185	1.3128067094E-3
2186	1.3128684569E-3
2187	1.3129299373E-3
2188	1.3129911518E-3
2189	1.3130521016E-3
2190	1.3131127877E-3
2191	1.3131732112E-3
2192	1.3132333734E-3
2193	1.3132932752E-3
2194	1.3133529179E-3
2195	1.3134123023E-3
2196	1.3134714298E-3
2197	1.3135303013E-3
2198	1.313588918E-3
2199	1.3136472809E-3
2200	1.3137053911E-3
2201	1.3137632497E-3
2202	1.3138208576E-3
2203	1.3138782161E-3
2204	1.3139353262E-3
2205	1.3139921888E-3
2206	1.3140488051E-3
2207	1.3141051761E-3
2208	1.3141613029E-3
2209	1.3142171864E-3
2210	1.3142728277E-3
2211	1.3143282279E-3
2212	1.3143833879E-3
2213	1.3144383088E-3
2214	1.3144929916E-3
2215	1.3145474373E-3
2216	1.314601647E-3
2217	1.3146556215E-3
2218	1.314709362E-3
2219	1.3147628693E-3
2220	1.3148161446E-3
2221	1.3148691888E-3
2222	1.3149220028E-3
2223	1.3149745877E-3
2224	1.3150269444E-3
2225	1.3150790739E-3
2226	1.3151309772E-3
2227	1.3151826552E-3
2228	1.3152341088E-3
2229	1.3152853392E-3
2230	1.3153363471E-3
2231	1.3153871335E-3
2232	1.3154376994E-3
2233	1.3154880458E-3
2234	1.3155381735E-3
2235	1.3155880835E-3
2236	1.3156377767E-3
2237	1.3156872541E-3
2238	1.3157365165E-3
2239	1.3157855649E-3
2240	1.3158344002E-3
2241	1.3158830233E-3
2242	1.3159314351E-3
2243	1.3159796365E-3
2244	1.3160276284E-3
2245	1.3160754117E-3
2246	1.3161229873E-3
2247	1.3161703561E-3
2248	1.316217519E-3
2249	1.3162644767E-3
2250	1.3163112303E-3
2251	1.3163577806E-3
2252	1.3164041285E-3
2253	1.3164502748E-3
2254	1.3164962203E-3
2255	1.316541966E-3
2256	1.3165875127E-3
2257	1.3166328613E-3
2258	1.3166780125E-3
2259	1.3167229673E-3
2260	1.3167677265E-3
2261	1.3168122909E-3
2262	1.3168566614E-3
2263	1.3169008387E-3
2264	1.3169448237E-3
2265	1.3169886173E-3
2266	1.3170322202E-3
2267	1.3170756333E-3
2268	1.3171188574E-3
2269	1.3171618933E-3
2270	1.3172047417E-3
2271	1.3172474036E-3
2272	1.3172898797E-3
2273	1.3173321708E-3
2274	1.3173742776E-3
2275	1.3174162011E-3
2276	1.3174579419E-3
2277	1.3174995009E-3
2278	1.3175408788E-3
2279	1.3175820764E-3
2280	1.3176230945E-3
2281	1.3176639339E-3
2282	1.3177045952E-3
2283	1.3177450794E-3
2284	1.3177853871E-3
2285	1.3178255191E-3
2286	1.3178654762E-3
2287	1.317905259E-3
2288	1.3179448685E-3
2289	1.3179843052E-3
2290	1.31802357E-3
2291	1.3180626635E-3
2292	1.3181015866E-3
2293	1.3181403399E-3
2294	1.3181789242E-3
2295	1.3182173403E-3
2296	1.3182555887E-3
2297	1.3182936703E-3
2298	1.3183315858E-3
2299	1.3183693358E-3
2300	1.3184069212E-3
2301	1.3184443426E-3
2302	1.3184816006E-3
2303	1.3185186961E-3
2304	1.3185556297E-3
2305	1.3185924021E-3
2306	1.3186290141E-3
2307	1.3186654662E-3
2308	1.3187017592E-3
2309	1.3187378937E-3
2310	1.3187738706E-3
2311	1.3188096903E-3
2312	1.3188453537E-3
2313	1.3188808613E-3
2314	1.3189162139E-3
2315	1.3189514121E-3
2316	1.3189864566E-3
2317	1.3190213481E-3
2318	1.3190560871E-3
2319	1.3190906744E-3
2320	1.3191251107E-3
2321	1.3191593965E-3
2322	1.3191935325E-3
2323	1.3192275195E-3
2324	1.3192613579E-3
2325	1.3192950484E-3
2326	1.3193285918E-3
2327	1.3193619886E-3
2328	1.3193952394E-3
2329	1.3194283449E-3
2330	1.3194613058E-3
2331	1.3194941226E-3
2332	1.3195267959E-3
2333	1.3195593264E-3
2334	1.3195917148E-3
2335	1.3196239615E-3
2336	1.3196560673E-3
2337	1.3196880326E-3
2338	1.3197198583E-3
2339	1.3197515447E-3
2340	1.3197830927E-3
2341	1.3198145026E-3
2342	1.3198457752E-3
2343	1.3198769111E-3
2344	1.3199079107E-3
2345	1.3199387748E-3
2346	1.3199695039E-3
2347	1.3200000985E-3
2348	1.3200305594E-3
2349	1.3200608869E-3
2350	1.3200910818E-3
2351	1.3201211446E-3
2352	1.3201510758E-3
2353	1.3201808761E-3
2354	1.320210546E-3
2355	1.3202400861E-3
2356	1.3202694969E-3
2357	1.3202987789E-3
2358	1.3203279329E-3
2359	1.3203569592E-3
2360	1.3203858584E-3
2361	1.3204146312E-3
2362	1.3204432781E-3
2363	1.3204717995E-3
2364	1.320500196E-3
2365	1.3205284683E-3
2366	1.3205566168E-3
2367	1.320584642E-3
2368	1.3206125445E-3
2369	1.3206403248E-3
2370	1.3206679835E-3
2371	1.3206955211E-3
2372	1.3207229381E-3
2373	1.320750235E-3
2374	1.3207774123E-3
2375	1.3208044706E-3
2376	1.3208314104E-3
2377	1.3208582322E-3
2378	1.3208849365E-3
2379	1.3209115238E-3
2380	1.3209379947E-3
2381	1.3209643495E-3
2382	1.3209905889E-3
2383	1.3210167134E-3
2384	1.3210427233E-3
2385	1.3210686194E-3
2386	1.3210944019E-3
2387	1.3211200714E-3
2388	1.3211456285E-3
2389	1.3211710735E-3
2390	1.3211964071E-3
2391	1.3212216296E-3
2392	1.3212467415E-3
2393	1.3212717434E-3
2394	1.3212966357E-3
2395	1.3213214189E-3
2396	1.3213460934E-3
2397	1.3213706598E-3
2398	1.3213951184E-3
2399	1.3214194698E-3
2400	1.3214437145E-3
2401	1.3214678529E-3
2402	1.3214918854E-3
2403	1.3215158125E-3
2404	1.3215396347E-3
2405	1.3215633525E-3
2406	1.3215869662E-3
2407	1.3216104764E-3
2408	1.3216338834E-3
2409	1.3216571878E-3
2410	1.32168039E-3
2411	1.3217034905E-3
2412	1.3217264895E-3
2413	1.3217493877E-3
2414	1.3217721855E-3
2415	1.3217948833E-3
2416	1.3218174814E-3
2417	1.3218399804E-3
2418	1.3218623808E-3
2419	1.3218846828E-3
2420	1.321906887E-3
2421	1.3219289937E-3
2422	1.3219510035E-3
2423	1.3219729166E-3
2424	1.3219947336E-3
2425	1.3220164549E-3
2426	1.3220380808E-3
2427	1.3220596119E-3
2428	1.3220810484E-3
2429	1.3221023908E-3
2430	1.3221236396E-3
2431	1.3221447951E-3
2432	1.3221658577E-3
2433	1.3221868279E-3
2434	1.322207706E-3
2435	1.3222284925E-3
2436	1.3222491877E-3
2437	1.3222697921E-3
2438	1.3222903059E-3
2439	1.3223107298E-3
2440	1.3223310639E-3
2441	1.3223513088E-3
2442	1.3223714648E-3
2443	1.3223915322E-3
2444	1.3224115116E-3
2445	1.3224314032E-3
2446	1.3224512075E-3
2447	1.3224709248E-3
2448	1.3224905554E-3
2449	1.3225100999E-3
2450	1.3225295586E-3
2451	1.3225489317E-3
2452	1.3225682198E-3
2453	1.3225874231E-3
2454	1.3226065421E-3
2455	1.3226255772E-3
2456	1.3226445285E-3
2457	1.3226633967E-3
2458	1.3226821819E-3
2459	1.3227008847E-3
2460	1.3227195052E-3
2461	1.322738044E-3
2462	1.3227565013E-3
2463	1.3227748774E-3
2464	1.3227931729E-3
2465	1.322811388E-3
2466	1.322829523E-3
2467	1.3228475783E-3
2468	1.3228655543E-3
2469	1.3228834513E-3
2470	1.3229012696E-3
2471	1.3229190096E-3
2472	1.3229366717E-3
2473	1.3229542561E-3
2474	1.3229717633E-3
2475	1.3229891935E-3
2476	1.3230065471E-3
2477	1.3230238244E-3
2478	1.3230410257E-3
2479	1.3230581515E-3
2480	1.3230752019E-3
2481	1.3230921774E-3
2482	1.3231090783E-3
2483	1.3231259049E-3
2484	1.3231426575E-3
2485	1.3231593365E-3
2486	1.3231759421E-3
2487	1.3231924747E-3
2488	1.3232089346E-3
2489	1.3232253222E-3
2490	1.3232416377E-3
2491	1.3232578814E-3
2492	1.3232740537E-3
2493	1.3232901549E-3
2494	1.3233061853E-3
2495	1.3233221452E-3
2496	1.3233380349E-3
2497	1.3233538548E-3
2498	1.323369605E-3
2499	1.323385286E-3
2500	1.323400898E-3
2501	1.3234164414E-3
2502	1.3234319163E-3
2503	1.3234473233E-3
2504	1.3234626624E-3
2505	1.3234779341E-3
2506	1.3234931386E-3
2507	1.3235082762E-3
2508	1.3235233472E-3
2509	1.3235383519E-3
2510	1.3235532906E-3
2511	1.3235681636E-3
2512	1.3235829712E-3
2513	1.3235977136E-3
2514	1.3236123911E-3
2515	1.3236270041E-3
2516	1.3236415527E-3
2517	1.3236560374E-3
2518	1.3236704583E-3
2519	1.3236848158E-3
2520	1.3236991101E-3
2521	1.3237133414E-3
2522	1.3237275102E-3
2523	1.3237416166E-3
2524	1.323755661E-3
2525	1.3237696435E-3
2526	1.3237835645E-3
2527	1.3237974242E-3
2528	1.3238112229E-3
2529	1.3238249609E-3
2530	1.3238386384E-3
2531	1.3238522558E-3
2532	1.3238658132E-3
2533	1.3238793109E-3
2534	1.3238927492E-3
2535	1.3239061283E-3
2536	1.3239194486E-3
2537	1.3239327102E-3
2538	1.3239459135E-3
2539	1.3239590586E-3
2540	1.3239721458E-3
2541	1.3239851755E-3
2542	1.3239981478E-3
2543	1.3240110629E-3
2544	1.3240239212E-3
2545	1.3240367229E-3
2546	1.3240494683E-3
2547	1.3240621575E-3
2548	1.3240747908E-3
2549	1.3240873685E-3
2550	1.3240998909E-3
2551	1.3241123581E-3
2552	1.3241247704E-3
2553	1.324137128E-3
2554	1.3241494313E-3
2555	1.3241616803E-3
2556	1.3241738754E-3
2557	1.3241860168E-3
2558	1.3241981048E-3
2559	1.3242101395E-3
2560	1.3242221212E-3
2561	1.3242340501E-3
2562	1.3242459265E-3
2563	1.3242577506E-3
2564	1.3242695226E-3
2565	1.3242812428E-3
2566	1.3242929113E-3
2567	1.3243045285E-3
2568	1.3243160945E-3
2569	1.3243276095E-3
2570	1.3243390738E-3
2571	1.3243504876E-3
2572	1.3243618512E-3
2573	1.3243731646E-3
2574	1.3243844283E-3
2575	1.3243956423E-3
2576	1.3244068069E-3
2577	1.3244179223E-3
2578	1.3244289888E-3
2579	1.3244400065E-3
2580	1.3244509757E-3
2581	1.3244618965E-3
2582	1.3244727693E-3
2583	1.3244835941E-3
2584	1.3244943712E-3
2585	1.3245051009E-3
2586	1.3245157833E-3
2587	1.3245264186E-3
2588	1.324537007E-3
2589	1.3245475488E-3
2590	1.3245580441E-3
2591	1.3245684932E-3
2592	1.3245788963E-3
2593	1.3245892535E-3
2594	1.324599565E-3
2595	1.3246098312E-3
2596	1.324620052E-3
2597	1.3246302279E-3
2598	1.3246403589E-3
2599	1.3246504452E-3
2600	1.3246604871E-3
2601	1.3246704848E-3
2602	1.3246804383E-3
2603	1.324690348E-3
2604	1.3247002141E-3
2605	1.3247100366E-3
2606	1.3247198159E-3
2607	1.324729552E-3
2608	1.3247392453E-3
2609	1.3247488958E-3
2610	1.3247585038E-3
2611	1.3247680694E-3
2612	1.3247775928E-3
2613	1.3247870743E-3
2614	1.324796514E-3
2615	1.3248059121E-3
2616	1.3248152687E-3
2617	1.3248245841E-3
2618	1.3248338585E-3
2619	1.3248430919E-3
2620	1.3248522847E-3
2621	1.3248614369E-3
2622	1.3248705488E-3
2623	1.3248796205E-3
2624	1.3248886522E-3
2625	1.3248976441E-3
2626	1.3249065963E-3
2627	1.3249155091E-3
2628	1.3249243825E-3
2629	1.3249332169E-3
2630	1.3249420123E-3
2631	1.3249507689E-3
2632	1.3249594869E-3
2633	1.3249681665E-3
2634	1.3249768078E-3
2635	1.324985411E-3
2636	1.3249939763E-3
2637	1.3250025038E-3
2638	1.3250109937E-3
2639	1.3250194461E-3
2640	1.3250278613E-3
2641	1.3250362394E-3
2642	1.3250445805E-3
2643	1.3250528848E-3
2644	1.3250611526E-3
2645	1.3250693838E-3
2646	1.3250775788E-3
2647	1.3250857376E-3
2648	1.3250938604E-3
2649	1.3251019475E-3
2650	1.3251099988E-3
2651	1.3251180146E-3
2652	1.3251259951E-3
2653	1.3251339404E-3
2654	1.3251418507E-3
2655	1.325149726E-3
2656	1.3251575667E-3
2657	1.3251653727E-3
2658	1.3251731443E-3
2659	1.3251808816E-3
2660	1.3251885848E-3
2661	1.3251962541E-3
2662	1.3252038895E-3
2663	1.3252114912E-3
2664	1.3252190594E-3
2665	1.3252265942E-3
2666	1.3252340957E-3
2667	1.3252415642E-3
2668	1.3252489997E-3
2669	1.3252564025E-3
2670	1.3252637725E-3
2671	1.3252711101E-3
2672	1.3252784153E-3
2673	1.3252856883E-3
2674	1.3252929291E-3
2675	1.3253001381E-3
2676	1.3253073152E-3
2677	1.3253144607E-3
2678	1.3253215746E-3
2679	1.3253286572E-3
2680	1.3253357085E-3
2681	1.3253427287E-3
2682	1.3253497179E-3
2683	1.3253566763E-3
2684	1.325363604E-3
2685	1.3253705011E-3
2686	1.3253773678E-3
2687	1.3253842042E-3
2688	1.3253910105E-3
2689	1.3253977867E-3
2690	1.325404533E-3
2691	1.3254112495E-3
2692	1.3254179364E-3
2693	1.3254245938E-3
2694	1.3254312218E-3
2695	1.3254378206E-3
2696	1.3254443902E-3
2697	1.3254509309E-3
2698	1.3254574427E-3
2699	1.3254639258E-3
2700	1.3254703802E-3
2701	1.3254768062E-3
2702	1.3254832038E-3
2703	1.3254895732E-3
2704	1.3254959145E-3
2705	1.3255022278E-3
2706	1.3255085132E-3
2707	1.3255147709E-3
2708	1.325521001E-3
2709	1.3255272035E-3
2710	1.3255333788E-3
2711	1.3255395267E-3
2712	1.3255456475E-3
2713	1.3255517413E-3
2714	1.3255578083E-3
2715	1.3255638484E-3
2716	1.3255698619E-3
2717	1.3255758488E-3
2718	1.3255818093E-3
2719	1.3255877435E-3
2720	1.3255936515E-3
2721	1.3255995335E-3
2722	1.3256053895E-3
2723	1.3256112196E-3
2724	1.325617024E-3
2725	1.3256228028E-3
2726	1.325628556E-3
2727	1.3256342839E-3
2728	1.3256399865E-3
2729	1.3256456639E-3
2730	1.3256513163E-3
2731	1.3256569437E-3
2732	1.3256625463E-3
2733	1.3256681241E-3
2734	1.3256736773E-3
2735	1.325679206E-3
2736	1.3256847103E-3
2737	1.3256901903E-3
2738	1.3256956461E-3
2739	1.3257010779E-3
2740	1.3257064856E-3
2741	1.3257118695E-3
2742	1.3257172296E-3
2743	1.325722566E-3
2744	1.3257278789E-3
2745	1.3257331683E-3
2746	1.3257384344E-3
2747	1.3257436773E-3
2748	1.3257488969E-3
2749	1.3257540936E-3
2750	1.3257592673E-3
2751	1.3257644181E-3
2752	1.3257695462E-3
2753	1.3257746517E-3
2754	1.3257797347E-3
2755	1.3257847952E-3
2756	1.3257898333E-3
2757	1.3257948492E-3
2758	1.325799843E-3
2759	1.3258048147E-3
2760	1.3258097645E-3
2761	1.3258146924E-3
2762	1.3258195985E-3
2763	1.325824483E-3
2764	1.3258293459E-3
2765	1.3258341874E-3
2766	1.3258390074E-3
2767	1.3258438062E-3
2768	1.3258485838E-3
2769	1.3258533403E-3
2770	1.3258580758E-3
2771	1.3258627904E-3
2772	1.3258674842E-3
2773	1.3258721572E-3
2774	1.3258768097E-3
2775	1.3258814415E-3
2776	1.3258860529E-3
2777	1.325890644E-3
2778	1.3258952148E-3
2779	1.3258997654E-3
2780	1.3259042959E-3
2781	1.3259088064E-3
2782	1.325913297E-3
2783	1.3259177677E-3
2784	1.3259222187E-3
2785	1.3259266501E-3
2786	1.3259310618E-3
2787	1.3259354541E-3
2788	1.325939827E-3
2789	1.3259441806E-3
2790	1.325948515E-3
2791	1.3259528302E-3
2792	1.3259571264E-3
2793	1.3259614035E-3
2794	1.3259656619E-3
2795	1.3259699013E-3
2796	1.3259741221E-3
2797	1.3259783242E-3
2798	1.3259825078E-3
2799	1.3259866729E-3
2800	1.3259908196E-3
2801	1.325994948E-3
2802	1.3259990582E-3
2803	1.3260031502E-3
2804	1.3260072241E-3
2805	1.32601128E-3
2806	1.326015318E-3
2807	1.3260193382E-3
2808	1.3260233407E-3
2809	1.3260273254E-3
2810	1.3260312926E-3
2811	1.3260352422E-3
2812	1.3260391744E-3
2813	1.3260430892E-3
2814	1.3260469867E-3
2815	1.326050867E-3
2816	1.3260547302E-3
2817	1.3260585763E-3
2818	1.3260624054E-3
2819	1.3260662176E-3
2820	1.326070013E-3
2821	1.3260737916E-3
2822	1.3260775535E-3
2823	1.3260812988E-3
2824	1.3260850276E-3
2825	1.3260887399E-3
2826	1.3260924358E-3
2827	1.3260961153E-3
2828	1.3260997786E-3
2829	1.3261034257E-3
2830	1.3261070568E-3
2831	1.3261106717E-3
2832	1.3261142707E-3
2833	1.3261178538E-3
2834	1.3261214211E-3
2835	1.3261249726E-3
2836	1.3261285085E-3
2837	1.3261320287E-3
2838	1.3261355334E-3
2839	1.3261390225E-3
2840	1.3261424963E-3
2841	1.3261459547E-3
2842	1.3261493979E-3
2843	1.3261528258E-3
2844	1.3261562386E-3
2845	1.3261596363E-3
2846	1.326163019E-3
2847	1.3261663868E-3
2848	1.3261697396E-3
2849	1.3261730777E-3
2850	1.326176401E-3
2851	1.3261797097E-3
2852	1.3261830037E-3
2853	1.3261862832E-3
2854	1.3261895481E-3
2855	1.3261927987E-3
2856	1.3261960349E-3
2857	1.3261992568E-3
2858	1.3262024645E-3
2859	1.326205658E-3
2860	1.3262088373E-3
2861	1.3262120027E-3
2862	1.326215154E-3
2863	1.3262182915E-3
2864	1.326221415E-3
2865	1.3262245248E-3
2866	1.3262276208E-3
2867	1.3262307032E-3
2868	1.3262337719E-3
2869	1.3262368271E-3
2870	1.3262398688E-3
2871	1.326242897E-3
2872	1.3262459118E-3
2873	1.3262489134E-3
2874	1.3262519017E-3
2875	1.3262548767E-3
2876	1.3262578387E-3
2877	1.3262607875E-3
2878	1.3262637233E-3
2879	1.3262666461E-3
2880	1.3262695561E-3
2881	1.3262724531E-3
2882	1.3262753374E-3
2883	1.3262782089E-3
2884	1.3262810677E-3
2885	1.3262839139E-3
2886	1.3262867476E-3
2887	1.3262895687E-3
2888	1.3262923773E-3
2889	1.3262951735E-3
2890	1.3262979574E-3
2891	1.326300729E-3
2892	1.3263034883E-3
2893	1.3263062355E-3
2894	1.3263089704E-3
2895	1.3263116934E-3
2896	1.3263144042E-3
2897	1.3263171031E-3
2898	1.3263197901E-3
2899	1.3263224652E-3
2900	1.3263251285E-3
2901	1.32632778E-3
2902	1.3263304198E-3
2903	1.3263330479E-3
2904	1.3263356644E-3
2905	1.3263382694E-3
2906	1.3263408628E-3
2907	1.3263434448E-3
2908	1.3263460154E-3
2909	1.3263485746E-3
2910	1.3263511225E-3
2911	1.3263536591E-3
2912	1.3263561845E-3
2913	1.3263586988E-3
2914	1.326361202E-3
2915	1.3263636941E-3
2916	1.3263661752E-3
2917	1.3263686453E-3
2918	1.3263711045E-3
2919	1.3263735528E-3
2920	1.3263759904E-3
2921	1.3263784171E-3
2922	1.3263808331E-3
2923	1.3263832385E-3
2924	1.3263856332E-3
2925	1.3263880173E-3
2926	1.3263903909E-3
2927	1.326392754E-3
2928	1.3263951067E-3
2929	1.326397449E-3
2930	1.3263997809E-3
2931	1.3264021025E-3
2932	1.3264044138E-3
2933	1.326406715E-3
2934	1.3264090059E-3
2935	1.3264112868E-3
2936	1.3264135575E-3
2937	1.3264158183E-3
2938	1.326418069E-3
2939	1.3264203098E-3
2940	1.3264225407E-3
2941	1.3264247617E-3
2942	1.3264269729E-3
2943	1.3264291743E-3
2944	1.326431366E-3
2945	1.3264335481E-3
2946	1.3264357204E-3
2947	1.3264378832E-3
2948	1.3264400375E-3
2949	1.3264421822E-3
2950	1.3264443174E-3
2951	1.3264464432E-3
2952	1.3264485597E-3
2953	1.3264506667E-3
2954	1.3264527645E-3
2955	1.3264548529E-3
2956	1.3264569322E-3
2957	1.3264590022E-3
2958	1.3264610632E-3
2959	1.3264631149E-3
2960	1.3264651577E-3
2961	1.3264671914E-3
2962	1.3264692161E-3
2963	1.3264712318E-3
2964	1.3264732387E-3
2965	1.3264752367E-3
2966	1.3264772258E-3
2967	1.3264792062E-3
2968	1.3264811778E-3
2969	1.3264831407E-3
2970	1.3264850949E-3
2971	1.3264870405E-3
2972	1.3264889775E-3
2973	1.3264909059E-3
2974	1.3264928258E-3
2975	1.3264947372E-3
2976	1.3264966401E-3
2977	1.3264985347E-3
2978	1.3265004209E-3
2979	1.3265022987E-3
2980	1.3265041682E-3
2981	1.3265060295E-3
2982	1.3265078826E-3
2983	1.3265097274E-3
2984	1.3265115641E-3
2985	1.3265133927E-3
2986	1.3265152132E-3
2987	1.3265170256E-3
2988	1.3265188301E-3
2989	1.3265206265E-3
2990	1.3265224151E-3
2991	1.3265241957E-3
2992	1.3265259684E-3
2993	1.3265277333E-3
2994	1.3265294904E-3
2995	1.3265312397E-3
2996	1.3265329814E-3
2997	1.3265347152E-3
2998	1.3265364415E-3
2999	1.3265381601E-3
3000	1.3265398711E-3
3001	1.3265415746E-3
3002	1.3265432705E-3
3003	1.3265449589E-3
3004	1.3265466399E-3
3005	1.3265483134E-3
3006	1.3265499795E-3
3007	1.3265516383E-3
3008	1.3265532897E-3
3009	1.3265549339E-3
3010	1.3265565707E-3
3011	1.3265582004E-3
3012	1.3265598228E-3
3013	1.326561438E-3
3014	1.3265630462E-3
3015	1.3265646472E-3
3016	1.3265662411E-3
3017	1.326567828E-3
3018	1.3265694078E-3
3019	1.3265709807E-3
3020	1.3265725467E-3
3021	1.3265741057E-3
3022	1.3265756578E-3
3023	1.326577203E-3
3024	1.3265787415E-3
3025	1.3265802731E-3
3026	1.3265817979E-3
3027	1.326583316E-3
3028	1.3265848274E-3
3029	1.3265863322E-3
3030	1.3265878302E-3
3031	1.3265893217E-3
3032	1.3265908065E-3
3033	1.3265922848E-3
3034	1.3265937566E-3
3035	1.3265952218E-3
3036	1.3265966806E-3
3037	1.3265981329E-3
3038	1.3265995788E-3
3039	1.3266010183E-3
3040	1.3266024514E-3
3041	1.3266038782E-3
3042	1.3266052987E-3
3043	1.326606713E-3
3044	1.3266081209E-3
3045	1.3266095227E-3
3046	1.3266109182E-3
3047	1.3266123076E-3
3048	1.3266136908E-3
3049	1.3266150679E-3
3050	1.326616439E-3
3051	1.326617804E-3
3052	1.3266191629E-3
3053	1.3266205158E-3
3054	1.3266218628E-3
3055	1.3266232038E-3
3056	1.3266245388E-3
3057	1.326625868E-3
3058	1.3266271913E-3
3059	1.3266285087E-3
3060	1.3266298203E-3
3061	1.3266311261E-3
3062	1.3266324262E-3
3063	1.3266337204E-3
3064	1.326635009E-3
3065	1.3266362919E-3
3066	1.3266375691E-3
3067	1.3266388406E-3
3068	1.3266401066E-3
3069	1.3266413669E-3
3070	1.3266426217E-3
3071	1.3266438709E-3
3072	1.3266451146E-3
3073	1.3266463528E-3
3074	1.3266475855E-3
3075	1.3266488128E-3
3076	1.3266500346E-3
3077	1.3266512511E-3
3078	1.3266524621E-3
3079	1.3266536678E-3
3080	1.3266548682E-3
3081	1.3266560633E-3
3082	1.3266572531E-3
3083	1.3266584376E-3
3084	1.3266596169E-3
3085	1.326660791E-3
3086	1.3266619599E-3
3087	1.3266631236E-3
3088	1.3266642822E-3
3089	1.3266654356E-3
3090	1.326666584E-3
3091	1.3266677272E-3
3092	1.3266688655E-3
3093	1.3266699986E-3
3094	1.3266711268E-3
3095	1.32667225E-3
3096	1.3266733682E-3
3097	1.3266744815E-3
3098	1.3266755899E-3
3099	1.3266766933E-3
3100	1.3266777919E-3
3101	1.3266788856E-3
3102	1.3266799745E-3
3103	1.3266810586E-3
3104	1.3266821379E-3
3105	1.3266832124E-3
3106	1.3266842821E-3
3107	1.3266853471E-3
3108	1.3266864075E-3
3109	1.3266874631E-3
3110	1.326688514E-3
3111	1.3266895604E-3
3112	1.326690602E-3
3113	1.3266916391E-3
3114	1.3266926716E-3
3115	1.3266936996E-3
3116	1.3266947229E-3
3117	1.3266957418E-3
3118	1.3266967562E-3
3119	1.326697766E-3
3120	1.3266987714E-3
3121	1.3266997724E-3
3122	1.3267007689E-3
3123	1.3267017611E-3
3124	1.3267027488E-3
3125	1.3267037322E-3
3126	1.3267047112E-3
3127	1.3267056859E-3
3128	1.3267066563E-3
3129	1.3267076224E-3
3130	1.3267085842E-3
3131	1.3267095418E-3
3132	1.3267104951E-3
3133	1.3267114443E-3
3134	1.3267123892E-3
3135	1.3267133299E-3
3136	1.3267142665E-3
3137	1.326715199E-3
3138	1.3267161273E-3
3139	1.3267170515E-3
3140	1.3267179717E-3
3141	1.3267188877E-3
3142	1.3267197997E-3
3143	1.3267207077E-3
3144	1.3267216117E-3
3145	1.3267225117E-3
3146	1.3267234077E-3
3147	1.3267242997E-3
3148	1.3267251878E-3
3149	1.3267260719E-3
3150	1.3267269522E-3
3151	1.3267278285E-3
3152	1.326728701E-3
3153	1.3267295696E-3
3154	1.3267304344E-3
3155	1.3267312954E-3
3156	1.3267321525E-3
3157	1.3267330059E-3
3158	1.3267338555E-3
3159	1.3267347013E-3
3160	1.3267355434E-3
3161	1.3267363818E-3
3162	1.3267372165E-3
3163	1.3267380474E-3
3164	1.3267388747E-3
3165	1.3267396984E-3
3166	1.3267405184E-3
3167	1.3267413347E-3
3168	1.3267421475E-3
3169	1.3267429567E-3
3170	1.3267437623E-3
3171	1.3267445643E-3
3172	1.3267453628E-3
3173	1.3267461577E-3
3174	1.3267469491E-3
3175	1.3267477371E-3
3176	1.3267485215E-3
3177	1.3267493025E-3
3178	1.32675008E-3
3179	1.3267508541E-3
3180	1.3267516248E-3
3181	1.3267523921E-3
3182	1.3267531559E-3
3183	1.3267539164E-3
3184	1.3267546736E-3
3185	1.3267554273E-3
3186	1.3267561778E-3
3187	1.3267569249E-3
3188	1.3267576687E-3
3189	1.3267584093E-3
3190	1.3267591465E-3
3191	1.3267598805E-3
3192	1.3267606113E-3
3193	1.3267613388E-3
3194	1.3267620631E-3
3195	1.3267627842E-3
3196	1.3267635021E-3
3197	1.3267642169E-3
3198	1.3267649285E-3
3199	1.3267656369E-3
3200	1.3267663422E-3
3201	1.3267670444E-3
3202	1.3267677434E-3
3203	1.3267684394E-3
3204	1.3267691323E-3
3205	1.3267698222E-3
3206	1.326770509E-3
3207	1.3267711927E-3
3208	1.3267718735E-3
3209	1.3267725512E-3
3210	1.3267732259E-3
3211	1.3267738976E-3
3212	1.3267745664E-3
3213	1.3267752322E-3
3214	1.3267758951E-3
3215	1.326776555E-3
3216	1.3267772121E-3
3217	1.3267778662E-3
3218	1.3267785174E-3
3219	1.3267791657E-3
3220	1.3267798112E-3
3221	1.3267804538E-3
3222	1.3267810936E-3
3223	1.3267817306E-3
3224	1.3267823647E-3
3225	1.326782996E-3
3226	1.3267836246E-3
3227	1.3267842503E-3
3228	1.3267848733E-3
3229	1.3267854936E-3
3230	1.3267861111E-3
3231	1.3267867258E-3
3232	1.3267873379E-3
3233	1.3267879472E-3
3234	1.3267885538E-3
3235	1.3267891578E-3
3236	1.3267897591E-3
3237	1.3267903577E-3
3238	1.3267909538E-3
3239	1.3267915472E-3
3240	1.326792138E-3
3241	1.3267927261E-3
3242	1.3267933118E-3
3243	1.3267938947E-3
3244	1.3267944752E-3
3245	1.3267950529E-3
3246	1.3267956283E-3
3247	1.326796201E-3
3248	1.3267967713E-3
3249	1.3267973389E-3
3250	1.3267979041E-3
3251	1.3267984667E-3
3252	1.326799027E-3
3253	1.3267995846E-3
3254	1.32680014E-3
3255	1.3268006927E-3
3256	1.3268012431E-3
3257	1.3268017909E-3
3258	1.3268023365E-3
3259	1.3268028795E-3
3260	1.3268034203E-3
3261	1.3268039585E-3
3262	1.3268044945E-3
3263	1.3268050279E-3
3264	1.3268055592E-3
3265	1.3268060879E-3
3266	1.3268066145E-3
3267	1.3268071386E-3
3268	1.3268076605E-3
3269	1.3268081799E-3
3270	1.3268086973E-3
3271	1.3268092121E-3
3272	1.3268097249E-3
3273	1.3268102352E-3
3274	1.3268107434E-3
3275	1.3268112493E-3
3276	1.326811753E-3
3277	1.3268122544E-3
3278	1.3268127537E-3
3279	1.3268132506E-3
3280	1.3268137455E-3
3281	1.326814238E-3
3282	1.3268147286E-3
3283	1.3268152167E-3
3284	1.3268157029E-3
3285	1.3268161868E-3
3286	1.3268166687E-3
3287	1.3268171484E-3
3288	1.326817626E-3
3289	1.3268181014E-3
3290	1.3268185748E-3
3291	1.326819046E-3
3292	1.3268195153E-3
3293	1.3268199823E-3
3294	1.3268204474E-3
3295	1.3268209104E-3
3296	1.3268213714E-3
3297	1.3268218302E-3
3298	1.3268222871E-3
3299	1.3268227419E-3
3300	1.3268231948E-3
3301	1.3268236456E-3
3302	1.3268240945E-3
3303	1.3268245413E-3
3304	1.3268249863E-3
3305	1.3268254291E-3
3306	1.3268258701E-3
3307	1.3268263091E-3
3308	1.3268267462E-3
3309	1.3268271813E-3
3310	1.3268276145E-3
3311	1.3268280457E-3
3312	1.3268284752E-3
3313	1.3268289026E-3
3314	1.3268293283E-3
3315	1.3268297519E-3
3316	1.3268301738E-3
3317	1.3268305937E-3
3318	1.3268310119E-3
3319	1.3268314281E-3
3320	1.3268318426E-3
3321	1.3268322551E-3
3322	1.326832666E-3
3323	1.3268330749E-3
3324	1.3268334821E-3
3325	1.3268338873E-3
3326	1.326834291E-3
3327	1.3268346927E-3
3328	1.3268350927E-3
3329	1.3268354909E-3
3330	1.3268358874E-3
3331	1.326836282E-3
3332	1.3268366751E-3
3333	1.3268370662E-3
3334	1.3268374558E-3
3335	1.3268378435E-3
3336	1.3268382296E-3
3337	1.3268386139E-3
3338	1.3268389966E-3
3339	1.3268393775E-3
3340	1.3268397568E-3
3341	1.3268401343E-3
3342	1.3268405103E-3
3343	1.3268408845E-3
3344	1.3268412572E-3
3345	1.3268416281E-3
3346	1.3268419975E-3
3347	1.3268423651E-3
3348	1.3268427312E-3
3349	1.3268430956E-3
3350	1.3268434585E-3
3351	1.3268438196E-3
3352	1.3268441793E-3
3353	1.3268445373E-3
3354	1.3268448938E-3
3355	1.3268452486E-3
3356	1.326845602E-3
3357	1.3268459537E-3
3358	1.3268463039E-3
3359	1.3268466525E-3
3360	1.3268469996E-3
3361	1.3268473451E-3
3362	1.3268476892E-3
3363	1.3268480317E-3
3364	1.3268483727E-3
3365	1.3268487122E-3
3366	1.3268490502E-3
3367	1.3268493867E-3
3368	1.3268497217E-3
3369	1.3268500552E-3
3370	1.3268503873E-3
3371	1.3268507178E-3
3372	1.326851047E-3
3373	1.3268513746E-3
3374	1.3268517009E-3
3375	1.3268520256E-3
3376	1.326852349E-3
3377	1.3268526708E-3
3378	1.3268529913E-3
3379	1.3268533104E-3
3380	1.3268536281E-3
3381	1.3268539442E-3
3382	1.3268542591E-3
3383	1.3268545726E-3
3384	1.3268548847E-3
3385	1.3268551953E-3
3386	1.3268555047E-3
3387	1.3268558126E-3
3388	1.3268561192E-3
3389	1.3268564244E-3
3390	1.3268567283E-3
3391	1.3268570308E-3
3392	1.326857332E-3
3393	1.3268576319E-3
3394	1.3268579305E-3
3395	1.3268582276E-3
3396	1.3268585236E-3
3397	1.3268588181E-3
3398	1.3268591115E-3
3399	1.3268594034E-3
3400	1.3268596942E-3
3401	1.3268599835E-3
3402	1.3268602717E-3
3403	1.3268605585E-3
3404	1.3268608442E-3
3405	1.3268611285E-3
3406	1.3268614116E-3
3407	1.3268616934E-3
3408	1.326861974E-3
3409	1.3268622533E-3
3410	1.3268625314E-3
3411	1.3268628082E-3
3412	1.3268630839E-3
3413	1.3268633583E-3
3414	1.3268636316E-3
3415	1.3268639035E-3
3416	1.3268641744E-3
3417	1.3268644439E-3
3418	1.3268647124E-3
3419	1.3268649796E-3
3420	1.3268652457E-3
3421	1.3268655105E-3
3422	1.3268657742E-3
3423	1.3268660367E-3
3424	1.3268662981E-3
3425	1.3268665583E-3
3426	1.3268668174E-3
3427	1.3268670753E-3
3428	1.3268673321E-3
3429	1.3268675877E-3
3430	1.3268678422E-3
3431	1.3268680956E-3
3432	1.3268683479E-3
3433	1.326868599E-3
3434	1.3268688491E-3
3435	1.3268690979E-3
3436	1.3268693458E-3
3437	1.3268695925E-3
3438	1.3268698382E-3
3439	1.3268700827E-3
3440	1.3268703262E-3
3441	1.3268705686E-3
3442	1.3268708099E-3
3443	1.3268710502E-3
3444	1.3268712894E-3
3445	1.3268715275E-3
3446	1.3268717646E-3
3447	1.3268720006E-3
3448	1.3268722356E-3
3449	1.3268724696E-3
3450	1.3268727025E-3
3451	1.3268729344E-3
3452	1.3268731653E-3
3453	1.3268733951E-3
3454	1.3268736239E-3
3455	1.3268738517E-3
3456	1.3268740785E-3
3457	1.3268743043E-3
3458	1.3268745291E-3
3459	1.3268747529E-3
3460	1.3268749758E-3
3461	1.3268751976E-3
3462	1.3268754185E-3
3463	1.3268756383E-3
3464	1.3268758572E-3
3465	1.3268760751E-3
3466	1.3268762921E-3
3467	1.3268765081E-3
3468	1.3268767232E-3
3469	1.3268769373E-3
3470	1.3268771505E-3
3471	1.3268773626E-3
3472	1.326877574E-3
3473	1.3268777843E-3
3474	1.3268779937E-3
3475	1.3268782022E-3
3476	1.3268784098E-3
3477	1.3268786164E-3
3478	1.3268788221E-3
3479	1.3268790269E-3
3480	1.3268792309E-3
3481	1.3268794339E-3
3482	1.326879636E-3
3483	1.3268798372E-3
3484	1.3268800376E-3
3485	1.326880237E-3
3486	1.3268804356E-3
3487	1.3268806332E-3
3488	1.3268808301E-3
3489	1.326881026E-3
3490	1.3268812211E-3
3491	1.3268814153E-3
3492	1.3268816086E-3
3493	1.3268818011E-3
3494	1.3268819928E-3
3495	1.3268821835E-3
3496	1.3268823735E-3
3497	1.3268825626E-3
3498	1.3268827509E-3
3499	1.3268829383E-3
3500	1.326883125E-3
