0	1E-8
1	1.0001902406E-8
2	1.0003805174E-8
3	1.0005708303E-8
4	1.0007611795E-8
5	1.0009515648E-8
6	1.0011419864E-8
7	1.0013324442E-8
8	1.0015229382E-8
9	1.0017134685E-8
10	1.001904035E-8
11	1.0020946377E-8
12	1.0022852767E-8
13	1.002475952E-8
14	1.0026666635E-8
15	1.0028574113E-8
16	1.0030481954E-8
17	1.0032390158E-8
18	1.0034298724E-8
19	1.0036207654E-8
20	1.0038116947E-8
21	1.0040026603E-8
22	1.0041936622E-8
23	1.0043847004E-8
24	1.004575775E-8
25	1.0047668859E-8
26	1.0049580332E-8
27	1.0051492169E-8
28	1.0053404369E-8
29	1.0055316932E-8
30	1.005722986E-8
31	1.0059143151E-8
32	1.0061056806E-8
33	1.0062970826E-8
34	1.0064885209E-8
35	1.0066799957E-8
36	1.0068715068E-8
37	1.0070630544E-8
38	1.0072546384E-8
39	1.0074462589E-8
40	1.0076379158E-8
41	1.0078296092E-8
42	1.008021339E-8
43	1.0082131053E-8
44	1.0084049081E-8
45	1.0085967473E-8
46	1.0087886231E-8
47	1.0089805353E-8
48	1.0091724841E-8
49	1.0093644693E-8
50	1.0095564911E-8
51	1.0097485494E-8
52	1.0099406442E-8
53	1.0101327756E-8
54	1.0103249435E-8
55	1.0105171479E-8
56	1.010709389E-8
57	1.0109016665E-8
58	1.0110939807E-8
59	1.0112863314E-8
60	1.0114787187E-8
61	1.0116711427E-8
62	1.0118636032E-8
63	1.0120561003E-8
64	1.012248634E-8
65	1.0124412044E-8
66	1.0126338114E-8
67	1.012826455E-8
68	1.0130191353E-8
69	1.0132118522E-8
70	1.0134046057E-8
71	1.013597396E-8
72	1.0137902229E-8
73	1.0139830864E-8
74	1.0141759867E-8
75	1.0143689237E-8
76	1.0145618973E-8
77	1.0147549077E-8
78	1.0149479547E-8
79	1.0151410385E-8
80	1.015334159E-8
81	1.0155273163E-8
82	1.0157205103E-8
83	1.015913741E-8
84	1.0161070085E-8
85	1.0163003127E-8
86	1.0164936537E-8
87	1.0166870315E-8
88	1.0168804461E-8
89	1.0170738974E-8
90	1.0172673856E-8
91	1.0174609105E-8
92	1.0176544723E-8
93	1.0178480709E-8
94	1.0180417063E-8
95	1.0182353785E-8
96	1.0184290876E-8
97	1.0186228335E-8
98	1.0188166163E-8
99	1.0190104359E-8
100	1.0192042924E-8
101	1.0193981858E-8
102	1.019592116E-8
103	1.0197860832E-8
104	1.0199800872E-8
105	1.0201741281E-8
106	1.020368206E-8
107	1.0205623207E-8
108	1.0207564724E-8
109	1.020950661E-8
110	1.0211448865E-8
111	1.021339149E-8
112	1.0215334484E-8
113	1.0217277848E-8
114	1.0219221582E-8
115	1.0221165685E-8
116	1.0223110158E-8
117	1.0225055001E-8
118	1.0227000213E-8
119	1.0228945796E-8
120	1.0230891749E-8
121	1.0232838072E-8
122	1.0234784765E-8
123	1.0236731828E-8
124	1.0238679262E-8
125	1.0240627066E-8
126	1.0242575241E-8
127	1.0244523786E-8
128	1.0246472702E-8
129	1.0248421989E-8
130	1.0250371646E-8
131	1.0252321674E-8
132	1.0254272073E-8
133	1.0256222843E-8
134	1.0258173984E-8
135	1.0260125496E-8
136	1.026207738E-8
137	1.0264029634E-8
138	1.026598226E-8
139	1.0267935258E-8
140	1.0269888627E-8
141	1.0271842367E-8
142	1.0273796479E-8
143	1.0275750963E-8
144	1.0277705818E-8
145	1.0279661045E-8
146	1.0281616644E-8
147	1.0283572615E-8
148	1.0285528959E-8
149	1.0287485674E-8
150	1.0289442761E-8
151	1.0291400221E-8
152	1.0293358053E-8
153	1.0295316257E-8
154	1.0297274834E-8
155	1.0299233784E-8
156	1.0301193106E-8
157	1.03031528E-8
158	1.0305112868E-8
159	1.0307073308E-8
160	1.0309034121E-8
161	1.0310995307E-8
162	1.0312956866E-8
163	1.0314918798E-8
164	1.0316881104E-8
165	1.0318843782E-8
166	1.0320806834E-8
167	1.0322770259E-8
168	1.0324734058E-8
169	1.032669823E-8
170	1.0328662776E-8
171	1.0330627696E-8
172	1.0332592989E-8
173	1.0334558656E-8
174	1.0336524697E-8
175	1.0338491112E-8
176	1.0340457901E-8
177	1.0342425064E-8
178	1.0344392601E-8
179	1.0346360512E-8
180	1.0348328798E-8
181	1.0350297458E-8
182	1.0352266493E-8
183	1.0354235902E-8
184	1.0356205686E-8
185	1.0358175844E-8
186	1.0360146377E-8
187	1.0362117285E-8
188	1.0364088568E-8
189	1.0366060225E-8
190	1.0368032258E-8
191	1.0370004666E-8
192	1.0371977449E-8
193	1.0373950607E-8
194	1.037592414E-8
195	1.0377898049E-8
196	1.0379872334E-8
197	1.0381846993E-8
198	1.0383822029E-8
199	1.038579744E-8
200	1.0387773227E-8
201	1.0389749389E-8
202	1.0391725928E-8
203	1.0393702842E-8
204	1.0395680133E-8
205	1.0397657799E-8
206	1.0399635842E-8
207	1.0401614261E-8
208	1.0403593056E-8
209	1.0405572228E-8
210	1.0407551776E-8
211	1.0409531701E-8
212	1.0411512002E-8
213	1.041349268E-8
214	1.0415473734E-8
215	1.0417455166E-8
216	1.0419436974E-8
217	1.0421419159E-8
218	1.0423401721E-8
219	1.0425384661E-8
220	1.0427367977E-8
221	1.0429351671E-8
222	1.0431335742E-8
223	1.043332019E-8
224	1.0435305016E-8
225	1.043729022E-8
226	1.0439275801E-8
227	1.0441261759E-8
228	1.0443248096E-8
229	1.044523481E-8
230	1.0447221902E-8
231	1.0449209372E-8
232	1.045119722E-8
233	1.0453185446E-8
234	1.0455174051E-8
235	1.0457163033E-8
236	1.0459152394E-8
237	1.0461142133E-8
238	1.0463132251E-8
239	1.0465122747E-8
240	1.0467113622E-8
241	1.0469104876E-8
242	1.0471096508E-8
243	1.0473088519E-8
244	1.0475080909E-8
245	1.0477073678E-8
246	1.0479066826E-8
247	1.0481060353E-8
248	1.0483054259E-8
249	1.0485048545E-8
250	1.0487043209E-8
251	1.0489038254E-8
252	1.0491033677E-8
253	1.0493029481E-8
254	1.0495025663E-8
255	1.0497022226E-8
256	1.0499019168E-8
257	1.050101649E-8
258	1.0503014192E-8
259	1.0505012274E-8
260	1.0507010736E-8
261	1.0509009578E-8
262	1.0511008801E-8
263	1.0513008403E-8
264	1.0515008386E-8
265	1.0517008749E-8
266	1.0519009493E-8
267	1.0521010617E-8
268	1.0523012122E-8
269	1.0525014008E-8
270	1.0527016274E-8
271	1.0529018922E-8
272	1.053102195E-8
273	1.0533025359E-8
274	1.0535029149E-8
275	1.0537033321E-8
276	1.0539037873E-8
277	1.0541042807E-8
278	1.0543048122E-8
279	1.0545053819E-8
280	1.0547059897E-8
281	1.0549066356E-8
282	1.0551073198E-8
283	1.055308042E-8
284	1.0555088025E-8
285	1.0557096012E-8
286	1.055910438E-8
287	1.0561113131E-8
288	1.0563122263E-8
289	1.0565131778E-8
290	1.0567141675E-8
291	1.0569151954E-8
292	1.0571162616E-8
293	1.057317366E-8
294	1.0575185087E-8
295	1.0577196896E-8
296	1.0579209088E-8
297	1.0581221662E-8
298	1.0583234619E-8
299	1.058524796E-8
300	1.0587261683E-8
301	1.0589275789E-8
302	1.0591290278E-8
303	1.059330515E-8
304	1.0595320406E-8
305	1.0597336045E-8
306	1.0599352067E-8
307	1.0601368473E-8
308	1.0603385262E-8
309	1.0605402435E-8
310	1.0607419992E-8
311	1.0609437932E-8
312	1.0611456256E-8
313	1.0613474964E-8
314	1.0615494056E-8
315	1.0617513532E-8
316	1.0619533392E-8
317	1.0621553637E-8
318	1.0623574265E-8
319	1.0625595278E-8
320	1.0627616676E-8
321	1.0629638457E-8
322	1.0631660624E-8
323	1.0633683175E-8
324	1.063570611E-8
325	1.0637729431E-8
326	1.0639753136E-8
327	1.0641777226E-8
328	1.0643801701E-8
329	1.0645826562E-8
330	1.0647851807E-8
331	1.0649877438E-8
332	1.0651903453E-8
333	1.0653929855E-8
334	1.0655956641E-8
335	1.0657983813E-8
336	1.0660011371E-8
337	1.0662039315E-8
338	1.0664067644E-8
339	1.0666096358E-8
340	1.0668125459E-8
341	1.0670154946E-8
342	1.0672184819E-8
343	1.0674215077E-8
344	1.0676245722E-8
345	1.0678276754E-8
346	1.0680308171E-8
347	1.0682339975E-8
348	1.0684372165E-8
349	1.0686404742E-8
350	1.0688437705E-8
351	1.0690471056E-8
352	1.0692504793E-8
353	1.0694538916E-8
354	1.0696573427E-8
355	1.0698608324E-8
356	1.0700643609E-8
357	1.0702679281E-8
358	1.070471534E-8
359	1.0706751786E-8
360	1.0708788619E-8
361	1.071082584E-8
362	1.0712863449E-8
363	1.0714901445E-8
364	1.0716939828E-8
365	1.07189786E-8
366	1.0721017759E-8
367	1.0723057306E-8
368	1.072509724E-8
369	1.0727137563E-8
370	1.0729178274E-8
371	1.0731219373E-8
372	1.0733260861E-8
373	1.0735302736E-8
374	1.0737345E-8
375	1.0739387653E-8
376	1.0741430694E-8
377	1.0743474123E-8
378	1.0745517941E-8
379	1.0747562148E-8
380	1.0749606744E-8
381	1.0751651729E-8
382	1.0753697102E-8
383	1.0755742865E-8
384	1.0757789017E-8
385	1.0759835558E-8
386	1.0761882488E-8
387	1.0763929807E-8
388	1.0765977516E-8
389	1.0768025615E-8
390	1.0770074102E-8
391	1.077212298E-8
392	1.0774172247E-8
393	1.0776221904E-8
394	1.0778271951E-8
395	1.0780322388E-8
396	1.0782373215E-8
397	1.0784424432E-8
398	1.0786476039E-8
399	1.0788528036E-8
400	1.0790580424E-8
401	1.0792633202E-8
402	1.079468637E-8
403	1.0796739929E-8
404	1.0798793878E-8
405	1.0800848218E-8
406	1.0802902949E-8
407	1.0804958071E-8
408	1.0807013584E-8
409	1.0809069487E-8
410	1.0811125782E-8
411	1.0813182467E-8
412	1.0815239544E-8
413	1.0817297012E-8
414	1.0819354872E-8
415	1.0821413123E-8
416	1.0823471765E-8
417	1.0825530799E-8
418	1.0827590224E-8
419	1.0829650042E-8
420	1.0831710251E-8
421	1.0833770852E-8
422	1.0835831844E-8
423	1.0837893229E-8
424	1.0839955006E-8
425	1.0842017175E-8
426	1.0844079737E-8
427	1.084614269E-8
428	1.0848206036E-8
429	1.0850269775E-8
430	1.0852333905E-8
431	1.0854398429E-8
432	1.0856463345E-8
433	1.0858528654E-8
434	1.0860594356E-8
435	1.0862660451E-8
436	1.0864726938E-8
437	1.0866793819E-8
438	1.0868861093E-8
439	1.087092876E-8
440	1.087299682E-8
441	1.0875065274E-8
442	1.0877134121E-8
443	1.0879203362E-8
444	1.0881272996E-8
445	1.0883343024E-8
446	1.0885413445E-8
447	1.088748426E-8
448	1.088955547E-8
449	1.0891627073E-8
450	1.089369907E-8
451	1.0895771461E-8
452	1.0897844247E-8
453	1.0899917426E-8
454	1.0901991E-8
455	1.0904064969E-8
456	1.0906139332E-8
457	1.0908214089E-8
458	1.0910289241E-8
459	1.0912364788E-8
460	1.0914440729E-8
461	1.0916517066E-8
462	1.0918593797E-8
463	1.0920670923E-8
464	1.0922748444E-8
465	1.0924826361E-8
466	1.0926904673E-8
467	1.092898338E-8
468	1.0931062482E-8
469	1.093314198E-8
470	1.0935221873E-8
471	1.0937302162E-8
472	1.0939382847E-8
473	1.0941463927E-8
474	1.0943545403E-8
475	1.0945627275E-8
476	1.0947709544E-8
477	1.0949792208E-8
478	1.0951875268E-8
479	1.0953958724E-8
480	1.0956042577E-8
481	1.0958126826E-8
482	1.0960211472E-8
483	1.0962296514E-8
484	1.0964381952E-8
485	1.0966467787E-8
486	1.0968554019E-8
487	1.0970640648E-8
488	1.0972727674E-8
489	1.0974815096E-8
490	1.0976902916E-8
491	1.0978991133E-8
492	1.0981079747E-8
493	1.0983168758E-8
494	1.0985258166E-8
495	1.0987347972E-8
496	1.0989438175E-8
497	1.0991528776E-8
498	1.0993619775E-8
499	1.0995711171E-8
500	1.0997802965E-8
501	1.0999895157E-8
502	1.1001987747E-8
503	1.1004080735E-8
504	1.1006174121E-8
505	1.1008267905E-8
506	1.1010362087E-8
507	1.1012456668E-8
508	1.1014551647E-8
509	1.1016647025E-8
510	1.1018742801E-8
511	1.1020838976E-8
512	1.1022935549E-8
513	1.1025032521E-8
514	1.1027129892E-8
515	1.1029227662E-8
516	1.1031325831E-8
517	1.1033424399E-8
518	1.1035523366E-8
519	1.1037622732E-8
520	1.1039722498E-8
521	1.1041822663E-8
522	1.1043923228E-8
523	1.1046024192E-8
524	1.1048125555E-8
525	1.1050227319E-8
526	1.1052329482E-8
527	1.1054432045E-8
528	1.1056535007E-8
529	1.105863837E-8
530	1.1060742133E-8
531	1.1062846296E-8
532	1.1064950859E-8
533	1.1067055823E-8
534	1.1069161187E-8
535	1.1071266951E-8
536	1.1073373116E-8
537	1.1075479681E-8
538	1.1077586647E-8
539	1.1079694014E-8
540	1.1081801782E-8
541	1.108390995E-8
542	1.108601852E-8
543	1.108812749E-8
544	1.1090236862E-8
545	1.1092346635E-8
546	1.1094456809E-8
547	1.1096567384E-8
548	1.1098678361E-8
549	1.110078974E-8
550	1.110290152E-8
551	1.1105013702E-8
552	1.1107126285E-8
553	1.110923927E-8
554	1.1111352657E-8
555	1.1113466447E-8
556	1.1115580638E-8
557	1.1117695231E-8
558	1.1119810226E-8
559	1.1121925624E-8
560	1.1124041424E-8
561	1.1126157627E-8
562	1.1128274232E-8
563	1.1130391239E-8
564	1.113250865E-8
565	1.1134626463E-8
566	1.1136744678E-8
567	1.1138863297E-8
568	1.1140982319E-8
569	1.1143101743E-8
570	1.1145221571E-8
571	1.1147341802E-8
572	1.1149462436E-8
573	1.1151583474E-8
574	1.1153704915E-8
575	1.1155826759E-8
576	1.1157949007E-8
577	1.1160071659E-8
578	1.1162194715E-8
579	1.1164318174E-8
580	1.1166442037E-8
581	1.1168566304E-8
582	1.1170690975E-8
583	1.1172816051E-8
584	1.117494153E-8
585	1.1177067414E-8
586	1.1179193702E-8
587	1.1181320394E-8
588	1.1183447491E-8
589	1.1185574993E-8
590	1.1187702899E-8
591	1.118983121E-8
592	1.1191959925E-8
593	1.1194089046E-8
594	1.1196218571E-8
595	1.1198348502E-8
596	1.1200478838E-8
597	1.1202609579E-8
598	1.1204740725E-8
599	1.1206872276E-8
600	1.1209004233E-8
601	1.1211136596E-8
602	1.1213269364E-8
603	1.1215402537E-8
604	1.1217536117E-8
605	1.1219670102E-8
606	1.1221804493E-8
607	1.122393929E-8
608	1.1226074493E-8
609	1.1228210102E-8
610	1.1230346117E-8
611	1.1232482539E-8
612	1.1234619367E-8
613	1.1236756601E-8
614	1.1238894242E-8
615	1.124103229E-8
616	1.1243170744E-8
617	1.1245309604E-8
618	1.1247448872E-8
619	1.1249588547E-8
620	1.1251728628E-8
621	1.1253869117E-8
622	1.1256010012E-8
623	1.1258151315E-8
624	1.1260293025E-8
625	1.1262435143E-8
626	1.1264577668E-8
627	1.12667206E-8
628	1.126886394E-8
629	1.1271007688E-8
630	1.1273151843E-8
631	1.1275296406E-8
632	1.1277441378E-8
633	1.1279586757E-8
634	1.1281732544E-8
635	1.1283878739E-8
636	1.1286025342E-8
637	1.1288172354E-8
638	1.1290319774E-8
639	1.1292467603E-8
640	1.129461584E-8
641	1.1296764485E-8
642	1.129891354E-8
643	1.1301063003E-8
644	1.1303212875E-8
645	1.1305363156E-8
646	1.1307513845E-8
647	1.1309664944E-8
648	1.1311816452E-8
649	1.1313968369E-8
650	1.1316120696E-8
651	1.1318273432E-8
652	1.1320426577E-8
653	1.1322580132E-8
654	1.1324734096E-8
655	1.132688847E-8
656	1.1329043254E-8
657	1.1331198448E-8
658	1.1333354051E-8
659	1.1335510065E-8
660	1.1337666489E-8
661	1.1339823322E-8
662	1.1341980566E-8
663	1.1344138221E-8
664	1.1346296285E-8
665	1.1348454761E-8
666	1.1350613646E-8
667	1.1352772943E-8
668	1.135493265E-8
669	1.1357092768E-8
670	1.1359253296E-8
671	1.1361414236E-8
672	1.1363575586E-8
673	1.1365737348E-8
674	1.1367899521E-8
675	1.1370062105E-8
676	1.13722251E-8
677	1.1374388507E-8
678	1.1376552325E-8
679	1.1378716555E-8
680	1.1380881197E-8
681	1.138304625E-8
682	1.1385211715E-8
683	1.1387377592E-8
684	1.138954388E-8
685	1.1391710581E-8
686	1.1393877694E-8
687	1.1396045219E-8
688	1.1398213157E-8
689	1.1400381506E-8
690	1.1402550268E-8
691	1.1404719443E-8
692	1.140688903E-8
693	1.140905903E-8
694	1.1411229442E-8
695	1.1413400268E-8
696	1.1415571506E-8
697	1.1417743157E-8
698	1.1419915221E-8
699	1.1422087699E-8
700	1.1424260589E-8
701	1.1426433893E-8
702	1.142860761E-8
703	1.1430781741E-8
704	1.1432956285E-8
705	1.1435131243E-8
706	1.1437306614E-8
707	1.14394824E-8
708	1.1441658599E-8
709	1.1443835211E-8
710	1.1446012238E-8
711	1.1448189679E-8
712	1.1450367534E-8
713	1.1452545804E-8
714	1.1454724487E-8
715	1.1456903585E-8
716	1.1459083098E-8
717	1.1461263025E-8
718	1.1463443367E-8
719	1.1465624123E-8
720	1.1467805294E-8
721	1.146998688E-8
722	1.1472168881E-8
723	1.1474351297E-8
724	1.1476534128E-8
725	1.1478717374E-8
726	1.1480901035E-8
727	1.1483085112E-8
728	1.1485269604E-8
729	1.1487454512E-8
730	1.1489639835E-8
731	1.1491825574E-8
732	1.1494011728E-8
733	1.1496198299E-8
734	1.1498385285E-8
735	1.1500572687E-8
736	1.1502760505E-8
737	1.150494874E-8
738	1.150713739E-8
739	1.1509326457E-8
740	1.151151594E-8
741	1.151370584E-8
742	1.1515896156E-8
743	1.1518086888E-8
744	1.1520278038E-8
745	1.1522469604E-8
746	1.1524661587E-8
747	1.1526853987E-8
748	1.1529046804E-8
749	1.1531240038E-8
750	1.1533433689E-8
751	1.1535627757E-8
752	1.1537822242E-8
753	1.1540017145E-8
754	1.1542212466E-8
755	1.1544408204E-8
756	1.154660436E-8
757	1.1548800933E-8
758	1.1550997924E-8
759	1.1553195333E-8
760	1.155539316E-8
761	1.1557591405E-8
762	1.1559790068E-8
763	1.1561989149E-8
764	1.1564188648E-8
765	1.1566388566E-8
766	1.1568588902E-8
767	1.1570789657E-8
768	1.157299083E-8
769	1.1575192422E-8
770	1.1577394433E-8
771	1.1579596862E-8
772	1.1581799711E-8
773	1.1584002978E-8
774	1.1586206665E-8
775	1.158841077E-8
776	1.1590615295E-8
777	1.1592820239E-8
778	1.1595025602E-8
779	1.1597231385E-8
780	1.1599437588E-8
781	1.160164421E-8
782	1.1603851251E-8
783	1.1606058713E-8
784	1.1608266594E-8
785	1.1610474896E-8
786	1.1612683617E-8
787	1.1614892758E-8
788	1.161710232E-8
789	1.1619312302E-8
790	1.1621522704E-8
791	1.1623733526E-8
792	1.1625944769E-8
793	1.1628156433E-8
794	1.1630368517E-8
795	1.1632581022E-8
796	1.1634793948E-8
797	1.1637007295E-8
798	1.1639221062E-8
799	1.1641435251E-8
800	1.1643649861E-8
801	1.1645864892E-8
802	1.1648080344E-8
803	1.1650296218E-8
804	1.1652512513E-8
805	1.165472923E-8
806	1.1656946368E-8
807	1.1659163928E-8
808	1.166138191E-8
809	1.1663600313E-8
810	1.1665819139E-8
811	1.1668038387E-8
812	1.1670258056E-8
813	1.1672478148E-8
814	1.1674698662E-8
815	1.1676919599E-8
816	1.1679140957E-8
817	1.1681362739E-8
818	1.1683584943E-8
819	1.1685807569E-8
820	1.1688030618E-8
821	1.1690254091E-8
822	1.1692477986E-8
823	1.1694702303E-8
824	1.1696927045E-8
825	1.1699152209E-8
826	1.1701377796E-8
827	1.1703603807E-8
828	1.1705830241E-8
829	1.1708057098E-8
830	1.1710284379E-8
831	1.1712512084E-8
832	1.1714740212E-8
833	1.1716968765E-8
834	1.1719197741E-8
835	1.1721427141E-8
836	1.1723656965E-8
837	1.1725887213E-8
838	1.1728117885E-8
839	1.1730348981E-8
840	1.1732580502E-8
841	1.1734812448E-8
842	1.1737044817E-8
843	1.1739277612E-8
844	1.1741510831E-8
845	1.1743744475E-8
846	1.1745978543E-8
847	1.1748213037E-8
848	1.1750447955E-8
849	1.1752683299E-8
850	1.1754919068E-8
851	1.1757155262E-8
852	1.1759391881E-8
853	1.1761628926E-8
854	1.1763866396E-8
855	1.1766104292E-8
856	1.1768342613E-8
857	1.177058136E-8
858	1.1772820533E-8
859	1.1775060132E-8
860	1.1777300157E-8
861	1.1779540608E-8
862	1.1781781484E-8
863	1.1784022788E-8
864	1.1786264517E-8
865	1.1788506673E-8
866	1.1790749255E-8
867	1.1792992264E-8
868	1.1795235699E-8
869	1.1797479561E-8
870	1.179972385E-8
871	1.1801968566E-8
872	1.1804213708E-8
873	1.1806459278E-8
874	1.1808705275E-8
875	1.1810951698E-8
876	1.181319855E-8
877	1.1815445828E-8
878	1.1817693534E-8
879	1.1819941667E-8
880	1.1822190228E-8
881	1.1824439217E-8
882	1.1826688634E-8
883	1.1828938478E-8
884	1.183118875E-8
885	1.183343945E-8
886	1.1835690578E-8
887	1.1837942135E-8
888	1.1840194119E-8
889	1.1842446532E-8
890	1.1844699374E-8
891	1.1846952643E-8
892	1.1849206342E-8
893	1.1851460469E-8
894	1.1853715024E-8
895	1.1855970009E-8
896	1.1858225422E-8
897	1.1860481265E-8
898	1.1862737536E-8
899	1.1864994237E-8
900	1.1867251367E-8
901	1.1869508926E-8
902	1.1871766914E-8
903	1.1874025332E-8
904	1.1876284179E-8
905	1.1878543457E-8
906	1.1880803163E-8
907	1.18830633E-8
908	1.1885323866E-8
909	1.1887584863E-8
910	1.1889846289E-8
911	1.1892108146E-8
912	1.1894370432E-8
913	1.1896633149E-8
914	1.1898896297E-8
915	1.1901159874E-8
916	1.1903423883E-8
917	1.1905688322E-8
918	1.1907953191E-8
919	1.1910218492E-8
920	1.1912484223E-8
921	1.1914750385E-8
922	1.1917016978E-8
923	1.1919284002E-8
924	1.1921551458E-8
925	1.1923819344E-8
926	1.1926087662E-8
927	1.1928356412E-8
928	1.1930625593E-8
929	1.1932895205E-8
930	1.1935165249E-8
931	1.1937435725E-8
932	1.1939706633E-8
933	1.1941977973E-8
934	1.1944249744E-8
935	1.1946521948E-8
936	1.1948794584E-8
937	1.1951067652E-8
938	1.1953341153E-8
939	1.1955615086E-8
940	1.1957889451E-8
941	1.1960164249E-8
942	1.196243948E-8
943	1.1964715143E-8
944	1.1966991239E-8
945	1.1969267768E-8
946	1.197154473E-8
947	1.1973822125E-8
948	1.1976099953E-8
949	1.1978378215E-8
950	1.198065691E-8
951	1.1982936038E-8
952	1.19852156E-8
953	1.1987495595E-8
954	1.1989776024E-8
955	1.1992056886E-8
956	1.1994338183E-8
957	1.1996619913E-8
958	1.1998902077E-8
959	1.2001184675E-8
960	1.2003467708E-8
961	1.2005751175E-8
962	1.2008035076E-8
963	1.2010319411E-8
964	1.2012604181E-8
965	1.2014889385E-8
966	1.2017175024E-8
967	1.2019461098E-8
968	1.2021747606E-8
969	1.202403455E-8
970	1.2026321928E-8
971	1.2028609741E-8
972	1.203089799E-8
973	1.2033186674E-8
974	1.2035475793E-8
975	1.2037765347E-8
976	1.2040055337E-8
977	1.2042345762E-8
978	1.2044636623E-8
979	1.204692792E-8
980	1.2049219653E-8
981	1.2051511821E-8
982	1.2053804425E-8
983	1.2056097466E-8
984	1.2058390942E-8
985	1.2060684855E-8
986	1.2062979204E-8
987	1.206527399E-8
988	1.2067569211E-8
989	1.206986487E-8
990	1.2072160965E-8
991	1.2074457496E-8
992	1.2076754465E-8
993	1.207905187E-8
994	1.2081349713E-8
995	1.2083647992E-8
996	1.2085946708E-8
997	1.2088245862E-8
998	1.2090545453E-8
999	1.2092845481E-8
1000	1.2095145947E-8
